250.0000	0.202866	308.583
249.9000	0.212858	308.661
249.8000	0.203272	308.743
249.7000	0.21163	308.821
249.6000	0.234971	308.897
249.5000	0.244326	308.975
249.4000	0.263854	309.051
249.3000	0.277824	309.13
249.2000	0.271447	309.209
249.1000	0.259982	309.284
249.0000	0.246063	309.359
248.9000	0.243734	309.433
248.8000	0.230456	309.51
248.7000	0.240941	309.588
248.6000	0.238682	309.665
248.5000	0.247033	309.743
248.4000	0.24849	309.817
248.3000	0.235109	309.893
248.2000	0.251581	309.967
248.1000	0.257367	310.044
248.0000	0.241347	310.123
247.9000	0.201883	310.198
247.8000	0.169785	310.273
247.7000	0.147209	310.35
247.6000	0.155406	310.425
247.5000	0.164369	310.5
247.4000	0.163177	310.58
247.3000	0.157659	310.66
247.2000	0.171141	310.741
247.1000	0.196536	310.824
247.0000	0.19266	310.908
246.9000	0.176085	310.99
246.8000	0.166939	311.071
246.7000	0.163516	311.156
246.6000	0.15463	311.244
246.5000	0.144685	311.332
246.4000	0.1578	311.42
246.3000	0.166962	311.509
246.2000	0.167705	311.6
246.1000	0.147217	311.691
246.0000	0.134972	311.784
245.9000	0.119731	311.878
245.8000	0.117598	311.97
245.7000	0.123502	312.059
245.6000	0.135895	312.155
245.5000	0.111762	312.248
245.4000	0.0913188	312.338
245.3000	0.0870183	312.428
245.2000	0.0840775	312.52
245.1000	0.0931567	312.613
245.0000	0.124024	312.706
244.9000	0.129731	312.8
244.8000	0.136288	312.893
244.7000	0.137471	312.984
244.6000	0.146729	313.074
244.5000	0.16907	313.17
244.4000	0.199872	313.265
244.3000	0.177858	313.36
244.2000	0.148967	313.454
244.1000	0.138679	313.548
244.0000	0.1421	313.642
243.9000	0.144388	313.737
243.8000	0.162288	313.836
243.7000	0.15155	313.935
243.6000	0.153032	314.036
243.5000	0.144919	314.137
243.4000	0.111436	314.238
243.3000	0.0922307	314.338
243.2000	0.0701109	314.437
243.1000	0.0337807	314.539
243.0000	0.0120937	314.641
242.9000	-0.010529	314.743
242.8000	-0.0428952	314.846
242.7000	-0.067709	314.948
242.6000	-0.0562695	315.052
242.5000	-0.0414124	315.16
242.4000	-0.0498088	315.27
242.3000	-0.0662997	315.378
242.2000	-0.0769785	315.484
242.1000	-0.0917107	315.591
242.0000	-0.125738	315.701
241.9000	-0.163911	315.812
241.8000	-0.188819	315.921
241.7000	-0.202562	316.035
241.6000	-0.22437	316.152
241.5000	-0.243	316.268
241.4000	-0.249455	316.386
241.3000	-0.248373	316.509
241.2000	-0.235288	316.631
241.1000	-0.239784	316.752
241.0000	-0.247887	316.879
240.9000	-0.25273	317.004
240.8000	-0.27241	317.13
240.7000	-0.285454	317.26
240.6000	-0.291583	317.394
240.5000	-0.29172	317.528
240.4000	-0.293483	317.663
240.3000	-0.286486	317.797
240.2000	-0.28397	317.934
240.1000	-0.279558	318.073
240.0000	-0.284622	318.214
239.9000	-0.285233	318.354
239.8000	-0.296281	318.498
239.7000	-0.323993	318.644
239.6000	-0.358988	318.792
239.5000	-0.396792	318.944
239.4000	-0.413736	319.096
239.3000	-0.435398	319.252
239.2000	-0.456264	319.411
239.1000	-0.4801	319.57
239.0000	-0.481804	319.728
238.9000	-0.497682	319.89
238.8000	-0.497147	320.054
238.7000	-0.505042	320.222
238.6000	-0.524557	320.39
238.5000	-0.534291	320.562
238.4000	-0.560471	320.736
238.3000	-0.566142	320.912
238.2000	-0.57923	321.089
238.1000	-0.591515	321.267
238.0000	-0.611644	321.445
237.9000	-0.635007	321.627
237.8000	-0.661789	321.813
237.7000	-0.691529	322
237.6000	-0.723156	322.19
237.5000	-0.749863	322.383
237.4000	-0.758199	322.58
237.3000	-0.777247	322.779
237.2000	-0.820568	322.983
237.1000	-0.855693	323.191
237.0000	-0.88005	323.397
236.9000	-0.89767	323.606
236.8000	-0.904685	323.821
236.7000	-0.895808	324.035
236.6000	-0.910133	324.254
236.5000	-0.940765	324.476
236.4000	-0.9907	324.705
236.3000	-1.00653	324.936
236.2000	-1.04115	325.165
236.1000	-1.06294	325.396
236.0000	-1.08034	325.632
235.9000	-1.12366	325.87
235.8000	-1.15666	326.111
235.7000	-1.20551	326.353
235.6000	-1.22501	326.597
235.5000	-1.24373	326.844
235.4000	-1.27573	327.096
235.3000	-1.3029	327.35
235.2000	-1.34417	327.607
235.1000	-1.38015	327.871
235.0000	-1.43573	328.136
234.9000	-1.47885	328.407
234.8000	-1.49301	328.68
234.7000	-1.48813	328.952
234.6000	-1.50284	329.23
234.5000	-1.51636	329.514
234.4000	-1.55663	329.801
234.3000	-1.56822	330.094
234.2000	-1.57845	330.387
234.1000	-1.62516	330.683
234.0000	-1.65962	330.991
233.9000	-1.71605	331.304
233.8000	-1.76701	331.615
233.7000	-1.80973	331.932
233.6000	-1.83713	332.257
233.5000	-1.86971	332.582
233.4000	-1.88647	332.91
233.3000	-1.90089	333.241
233.2000	-1.9184	333.576
233.1000	-1.95454	333.918
233.0000	-1.99673	334.267
232.9000	-2.05233	334.619
232.8000	-2.1056	334.971
232.7000	-2.12711	335.331
232.6000	-2.17975	335.692
232.5000	-2.19947	336.063
232.4000	-2.24346	336.437
232.3000	-2.29602	336.81
232.2000	-2.3117	337.188
232.1000	-2.34583	337.574
232.0000	-2.37797	337.963
231.9000	-2.38485	338.357
231.8000	-2.40439	338.759
231.7000	-2.4383	339.165
231.6000	-2.48976	339.577
231.5000	-2.5264	339.989
231.4000	-2.57473	340.402
231.3000	-2.58543	340.825
231.2000	-2.58044	341.253
231.1000	-2.60278	341.691
231.0000	-2.62918	342.13
230.9000	-2.69463	342.574
230.8000	-2.75083	343.015
230.7000	-2.78953	343.462
230.6000	-2.85676	343.911
230.5000	-2.92228	344.368
230.4000	-2.98323	344.823
230.3000	-3.03504	345.276
230.2000	-3.11753	345.734
230.1000	-3.19236	346.195
230.0000	-3.27529	346.661
229.9000	-3.34169	347.127
229.8000	-3.41023	347.598
229.7000	-3.44054	348.074
229.6000	-3.50085	348.551
229.5000	-3.55716	349.03
229.4000	-3.60893	349.513
229.3000	-3.64392	350.002
229.2000	-3.6395	350.497
229.1000	-3.63206	351.003
229.0000	-3.64661	351.52
228.9000	-3.68636	352.041
228.8000	-3.73138	352.565
228.7000	-3.78681	353.099
228.6000	-3.8576	353.645
228.5000	-3.86742	354.199
228.4000	-3.8696	354.753
228.3000	-3.89008	355.312
228.2000	-3.93185	355.88
228.1000	-3.99995	356.453
228.0000	-4.07468	357.031
227.9000	-4.14115	357.613
227.8000	-4.17179	358.2
227.7000	-4.2211	358.789
227.6000	-4.30159	359.383
227.5000	-4.34741	359.981
227.4000	-4.39488	360.578
227.3000	-4.42341	361.175
227.2000	-4.43035	361.78
227.1000	-4.43502	362.388
227.0000	-4.44665	362.994
226.9000	-4.4837	363.598
226.8000	-4.55777	364.204
226.7000	-4.62422	364.812
226.6000	-4.64939	365.425
226.5000	-4.62365	366.041
226.4000	-4.58286	366.66
226.3000	-4.57683	367.277
226.2000	-4.60083	367.896
226.1000	-4.64701	368.519
226.0000	-4.63776	369.138
225.9000	-4.61366	369.756
225.8000	-4.63201	370.374
225.7000	-4.63785	371
225.6000	-4.63538	371.624
225.5000	-4.6538	372.243
225.4000	-4.65288	372.864
225.3000	-4.65035	373.485
225.2000	-4.65962	374.108
225.1000	-4.63587	374.731
225.0000	-4.59314	375.359
224.9000	-4.62648	375.985
224.8000	-4.67281	376.61
224.7000	-4.73368	377.235
224.6000	-4.80551	377.864
224.5000	-4.82646	378.493
224.4000	-4.8421	379.12
224.3000	-4.84719	379.749
224.2000	-4.88289	380.382
224.1000	-4.91097	381.013
224.0000	-4.89537	381.643
223.9000	-4.90227	382.273
223.8000	-4.87243	382.906
223.7000	-4.87989	383.548
223.6000	-4.88924	384.19
223.5000	-4.90702	384.833
223.4000	-4.92757	385.476
223.3000	-4.94967	386.119
223.2000	-4.92413	386.765
223.1000	-4.92544	387.415
223.0000	-4.89661	388.065
222.9000	-4.87269	388.718
222.8000	-4.85862	389.379
222.7000	-4.8831	390.04
222.6000	-4.9454	390.704
222.5000	-4.9647	391.373
222.4000	-4.9941	392.046
222.3000	-5.02307	392.726
222.2000	-5.03774	393.411
222.1000	-5.09399	394.096
222.0000	-5.13436	394.784
221.9000	-5.157	395.482
221.8000	-5.16684	396.188
221.7000	-5.22131	396.898
221.6000	-5.25546	397.61
221.5000	-5.29063	398.326
221.4000	-5.29706	399.051
221.3000	-5.3013	399.778
221.2000	-5.32026	400.504
221.1000	-5.35512	401.234
221.0000	-5.37108	401.969
220.9000	-5.39504	402.709
220.8000	-5.4082	403.454
220.7000	-5.45626	404.2
220.6000	-5.4985	404.947
220.5000	-5.53204	405.701
220.4000	-5.58163	406.456
220.3000	-5.53481	407.213
220.2000	-5.52311	407.971
220.1000	-5.5332	408.73
220.0000	-5.54585	409.493
219.9000	-5.5404	410.255
219.8000	-5.57711	411.016
219.7000	-5.58664	411.778
219.6000	-5.58591	412.544
219.5000	-5.57717	413.312
219.4000	-5.51736	414.079
219.3000	-5.49086	414.843
219.2000	-5.42822	415.601
219.1000	-5.36553	416.359
219.0000	-5.33869	417.112
218.9000	-5.30652	417.858
218.8000	-5.27808	418.601
218.7000	-5.21264	419.34
218.6000	-5.24608	420.071
218.5000	-5.2311	420.797
218.4000	-5.19233	421.519
218.3000	-5.13436	422.234
218.2000	-5.13694	422.945
218.1000	-5.06219	423.653
218.0000	-5.01279	424.355
217.9000	-4.95221	425.047
217.8000	-4.95002	425.735
217.7000	-4.98532	426.418
217.6000	-5.01375	427.1
217.5000	-5.09988	427.777
217.4000	-5.13502	428.448
217.3000	-5.14823	429.114
217.2000	-5.19116	429.777
217.1000	-5.23429	430.434
217.0000	-5.3426	431.086
216.9000	-5.42551	431.732
216.8000	-5.50825	432.372
216.7000	-5.52691	433.007
216.6000	-5.56826	433.638
216.5000	-5.65102	434.262
216.4000	-5.72279	434.88
216.3000	-5.82591	435.493
216.2000	-5.95321	436.101
216.1000	-6.03646	436.704
216.0000	-6.09191	437.301
215.9000	-6.10499	437.894
215.8000	-6.13959	438.484
215.7000	-6.19722	439.068
215.6000	-6.27731	439.647
215.5000	-6.31691	440.225
215.4000	-6.27528	440.799
215.3000	-6.19969	441.37
215.2000	-6.19429	441.937
215.1000	-6.21597	442.499
215.0000	-6.34349	443.055
214.9000	-6.4169	443.613
214.8000	-6.47257	444.169
214.7000	-6.49148	444.719
214.6000	-6.45584	445.267
214.5000	-6.35499	445.816
214.4000	-6.24413	446.363
214.3000	-6.17027	446.908
214.2000	-6.12031	447.446
214.1000	-6.07016	447.978
214.0000	-6.00843	448.514
213.9000	-5.97108	449.048
213.8000	-5.98604	449.575
213.7000	-5.9966	450.1
213.6000	-5.99714	450.623
213.5000	-5.95114	451.147
213.4000	-5.88785	451.672
213.3000	-5.78374	452.197
213.2000	-5.60389	452.718
213.1000	-5.51105	453.237
213.0000	-5.49073	453.754
212.9000	-5.53425	454.267
212.8000	-5.66434	454.779
212.7000	-5.78737	455.288
212.6000	-5.89453	455.798
212.5000	-5.89634	456.309
212.4000	-5.91434	456.819
212.3000	-5.93155	457.332
212.2000	-5.88965	457.842
212.1000	-5.89345	458.353
212.0000	-5.91771	458.869
211.9000	-5.99544	459.384
211.8000	-6.05803	459.895
211.7000	-6.16677	460.408
211.6000	-6.18378	460.925
211.5000	-6.30983	461.441
211.4000	-6.4055	461.96
211.3000	-6.48199	462.485
211.2000	-6.59153	463.014
211.1000	-6.62664	463.547
211.0000	-6.66993	464.082
210.9000	-6.75228	464.615
210.8000	-6.82905	465.154
210.7000	-6.92531	465.692
210.6000	-6.96138	466.235
210.5000	-6.95382	466.786
210.4000	-7.02132	467.342
210.3000	-6.94922	467.907
210.2000	-6.89183	468.472
210.1000	-6.96296	469.04
210.0000	-7.06727	469.613
209.9000	-7.25173	470.193
209.8000	-7.35316	470.779
209.7000	-7.4184	471.373
209.6000	-7.41731	471.978
209.5000	-7.40959	472.59
209.4000	-7.40349	473.204
209.3000	-7.40863	473.833
209.2000	-7.41723	474.474
209.1000	-7.40306	475.126
209.0000	-7.51355	475.786
208.9000	-7.63328	476.458
208.8000	-7.78797	477.138
208.7000	-7.83373	477.832
208.6000	-7.99898	478.539
208.5000	-8.08153	479.262
208.4000	-8.12075	479.999
208.3000	-8.06626	480.747
208.2000	-7.93317	481.513
208.1000	-7.74169	482.299
208.0000	-7.62658	483.102
207.9000	-7.54256	483.918
207.8000	-7.48031	484.751
207.7000	-7.44985	485.603
207.6000	-7.39571	486.477
207.5000	-7.37779	487.368
207.4000	-7.28146	488.283
207.3000	-7.05813	489.222
207.2000	-6.9117	490.182
207.1000	-6.7786	491.162
207.0000	-6.7695	492.159
206.9000	-6.70078	493.181
206.8000	-6.51152	494.236
206.7000	-6.34539	495.314
206.6000	-6.27767	496.418
206.5000	-6.27995	497.546
206.4000	-6.29183	498.699
206.3000	-6.24678	499.875
206.2000	-6.09565	501.088
206.1000	-6.03426	502.327
206.0000	-5.97283	503.595
205.9000	-5.92044	504.895
205.8000	-5.84318	506.231
205.7000	-5.78904	507.599
205.6000	-5.81099	509.003
205.5000	-5.78199	510.452
205.4000	-5.68019	511.946
205.3000	-5.45984	513.486
205.2000	-5.3339	515.07
205.1000	-5.25012	516.701
205.0000	-5.16569	518.383
204.9000	-5.16246	520.116
204.8000	-5.03376	521.906
204.7000	-4.85633	523.758
204.6000	-4.71418	525.673
204.5000	-4.48549	527.649
204.4000	-4.27062	529.696
204.3000	-4.09251	531.815
204.2000	-3.94623	534.009
204.1000	-3.78371	536.282
204.0000	-3.57018	538.639
203.9000	-3.33229	541.075
203.8000	-3.02427	543.594
203.7000	-2.81269	546.203
203.6000	-2.58732	548.899
203.5000	-2.36735	551.698
203.4000	-2.13533	554.605
203.3000	-1.7997	557.617
203.2000	-1.47959	560.735
203.1000	-1.43294	563.966
203.0000	-1.31156	567.322
202.9000	-1.13561	570.798
202.8000	-0.988829	574.404
202.7000	-0.889205	578.14
202.6000	-0.62341	582.014
202.5000	-0.486672	586.019
202.4000	-0.305152	590.164
202.3000	-0.174792	594.456
202.2000	-0.0161392	598.909
202.1000	0.0865778	603.515
202.0000	0.15022	608.281
201.9000	0.467205	613.211
201.8000	0.798376	618.309
201.7000	1.16558	623.571
201.6000	1.17934	628.993
201.5000	1.26353	634.593
201.4000	1.57232	640.383
201.3000	1.50942	646.343
201.2000	1.65107	652.484
201.1000	1.7242	658.799
201.0000	1.85985	665.294
200.9000	2.0158	671.964
200.8000	2.1084	678.832
200.7000	2.46306	685.86
200.6000	2.60948	693.043
200.5000	2.93821	700.366
200.4000	2.95324	707.843
200.3000	3.20464	715.448
200.2000	2.64793	723.135
200.1000	2.50103	730.922
200.0000	2.90534	738.841
