250.0000	-0.209587	308.607
249.9000	-0.213153	308.686
249.8000	-0.220117	308.763
249.7000	-0.212357	308.841
249.6000	-0.203468	308.919
249.5000	-0.203055	308.999
249.4000	-0.194967	309.073
249.3000	-0.198138	309.15
249.2000	-0.222291	309.227
249.1000	-0.244649	309.304
249.0000	-0.290116	309.378
248.9000	-0.306879	309.456
248.8000	-0.319249	309.532
248.7000	-0.326281	309.608
248.6000	-0.334588	309.687
248.5000	-0.334564	309.764
248.4000	-0.333773	309.841
248.3000	-0.32894	309.92
248.2000	-0.315319	309.999
248.1000	-0.316009	310.076
248.0000	-0.334843	310.156
247.9000	-0.351417	310.23
247.8000	-0.334294	310.304
247.7000	-0.332402	310.38
247.6000	-0.31418	310.456
247.5000	-0.291975	310.531
247.4000	-0.281112	310.608
247.3000	-0.274569	310.686
247.2000	-0.27736	310.764
247.1000	-0.267311	310.845
247.0000	-0.268122	310.926
246.9000	-0.27953	311.005
246.8000	-0.291919	311.088
246.7000	-0.315619	311.172
246.6000	-0.331214	311.256
246.5000	-0.332272	311.345
246.4000	-0.331646	311.431
246.3000	-0.318318	311.515
246.2000	-0.320429	311.606
246.1000	-0.346151	311.699
246.0000	-0.358463	311.789
245.9000	-0.376928	311.881
245.8000	-0.392962	311.972
245.7000	-0.401219	312.064
245.6000	-0.383614	312.158
245.5000	-0.379011	312.25
245.4000	-0.392063	312.34
245.3000	-0.38972	312.431
245.2000	-0.388801	312.522
245.1000	-0.367575	312.615
245.0000	-0.340965	312.706
244.9000	-0.357335	312.8
244.8000	-0.361809	312.89
244.7000	-0.359823	312.979
244.6000	-0.382298	313.072
244.5000	-0.373783	313.167
244.4000	-0.359411	313.26
244.3000	-0.370865	313.355
244.2000	-0.396517	313.451
244.1000	-0.405383	313.547
244.0000	-0.399448	313.64
243.9000	-0.405993	313.736
243.8000	-0.4002	313.837
243.7000	-0.397305	313.936
243.6000	-0.394561	314.037
243.5000	-0.400326	314.136
243.4000	-0.392105	314.232
243.3000	-0.373009	314.33
243.2000	-0.35925	314.428
243.1000	-0.370143	314.528
243.0000	-0.37936	314.63
242.9000	-0.401654	314.731
242.8000	-0.431138	314.831
242.7000	-0.46312	314.933
242.6000	-0.475523	315.038
242.5000	-0.482319	315.142
242.4000	-0.487018	315.247
242.3000	-0.51337	315.352
242.2000	-0.519421	315.457
242.1000	-0.525376	315.563
242.0000	-0.543253	315.671
241.9000	-0.559027	315.78
241.8000	-0.564369	315.891
241.7000	-0.571336	316.005
241.6000	-0.587982	316.117
241.5000	-0.62812	316.231
241.4000	-0.6651	316.348
241.3000	-0.670551	316.464
241.2000	-0.650456	316.581
241.1000	-0.651154	316.7
241.0000	-0.628117	316.818
240.9000	-0.611724	316.937
240.8000	-0.610614	317.062
240.7000	-0.623384	317.187
240.6000	-0.630348	317.316
240.5000	-0.668788	317.444
240.4000	-0.681381	317.573
240.3000	-0.703271	317.703
240.2000	-0.714965	317.839
240.1000	-0.741501	317.974
240.0000	-0.795138	318.111
239.9000	-0.812693	318.25
239.8000	-0.827084	318.392
239.7000	-0.83093	318.534
239.6000	-0.853183	318.678
239.5000	-0.879633	318.824
239.4000	-0.889855	318.978
239.3000	-0.926272	319.134
239.2000	-0.947758	319.289
239.1000	-0.972613	319.444
239.0000	-1.01021	319.6
238.9000	-1.01617	319.756
238.8000	-1.01445	319.913
238.7000	-1.02236	320.073
238.6000	-1.02655	320.235
238.5000	-1.02909	320.398
238.4000	-1.05347	320.565
238.3000	-1.04118	320.733
238.2000	-1.03569	320.904
238.1000	-1.02134	321.076
238.0000	-1.04925	321.252
237.9000	-1.07359	321.432
237.8000	-1.09946	321.611
237.7000	-1.12899	321.791
237.6000	-1.15609	321.974
237.5000	-1.19774	322.156
237.4000	-1.20258	322.344
237.3000	-1.19251	322.535
237.2000	-1.21651	322.731
237.1000	-1.22375	322.933
237.0000	-1.21526	323.134
236.9000	-1.22836	323.335
236.8000	-1.25681	323.54
236.7000	-1.25494	323.748
236.6000	-1.2842	323.957
236.5000	-1.32387	324.168
236.4000	-1.34868	324.383
236.3000	-1.3449	324.601
236.2000	-1.3679	324.821
236.1000	-1.38081	325.042
236.0000	-1.38681	325.265
235.9000	-1.4072	325.494
235.8000	-1.40566	325.727
235.7000	-1.4373	325.96
235.6000	-1.45688	326.198
235.5000	-1.45712	326.437
235.4000	-1.49489	326.679
235.3000	-1.54151	326.922
235.2000	-1.57661	327.169
235.1000	-1.60681	327.419
235.0000	-1.65313	327.671
234.9000	-1.67979	327.931
234.8000	-1.69829	328.194
234.7000	-1.72738	328.458
234.6000	-1.75514	328.726
234.5000	-1.77904	328.998
234.4000	-1.84324	329.272
234.3000	-1.89546	329.547
234.2000	-1.93599	329.83
234.1000	-1.9913	330.113
234.0000	-2.01972	330.403
233.9000	-2.09185	330.697
233.8000	-2.15062	330.991
233.7000	-2.18741	331.293
233.6000	-2.22276	331.602
233.5000	-2.26936	331.912
233.4000	-2.27839	332.226
233.3000	-2.27968	332.543
233.2000	-2.29674	332.863
233.1000	-2.33696	333.19
233.0000	-2.36079	333.52
232.9000	-2.40807	333.853
232.8000	-2.43904	334.191
232.7000	-2.45942	334.535
232.6000	-2.46868	334.88
232.5000	-2.48905	335.231
232.4000	-2.51551	335.589
232.3000	-2.55203	335.948
232.2000	-2.55604	336.309
232.1000	-2.5864	336.677
232.0000	-2.61924	337.051
231.9000	-2.62923	337.424
231.8000	-2.6433	337.807
231.7000	-2.69588	338.191
231.6000	-2.73888	338.584
231.5000	-2.77291	338.978
231.4000	-2.81255	339.375
231.3000	-2.83612	339.779
231.2000	-2.86326	340.184
231.1000	-2.89887	340.595
231.0000	-2.9214	341.011
230.9000	-2.97875	341.436
230.8000	-3.02074	341.859
230.7000	-3.04641	342.287
230.6000	-3.09272	342.721
230.5000	-3.16075	343.159
230.4000	-3.23009	343.592
230.3000	-3.26489	344.025
230.2000	-3.32835	344.464
230.1000	-3.36213	344.903
230.0000	-3.39216	345.35
229.9000	-3.43672	345.793
229.8000	-3.50498	346.24
229.7000	-3.5757	346.689
229.6000	-3.64716	347.143
229.5000	-3.66745	347.602
229.4000	-3.70995	348.065
229.3000	-3.73805	348.53
229.2000	-3.78153	349.001
229.1000	-3.81205	349.482
229.0000	-3.85533	349.964
228.9000	-3.88839	350.455
228.8000	-3.93086	350.955
228.7000	-3.98264	351.463
228.6000	-4.03412	351.981
228.5000	-4.04513	352.508
228.4000	-4.08395	353.037
228.3000	-4.1389	353.572
228.2000	-4.22124	354.11
228.1000	-4.26476	354.659
228.0000	-4.28887	355.214
227.9000	-4.30084	355.771
227.8000	-4.32003	356.33
227.7000	-4.34015	356.894
227.6000	-4.38295	357.461
227.5000	-4.4003	358.027
227.4000	-4.42352	358.598
227.3000	-4.45849	359.17
227.2000	-4.48682	359.744
227.1000	-4.46494	360.32
227.0000	-4.46121	360.898
226.9000	-4.49238	361.475
226.8000	-4.54737	362.054
226.7000	-4.59553	362.632
226.6000	-4.61982	363.217
226.5000	-4.59507	363.805
226.4000	-4.574	364.388
226.3000	-4.59545	364.971
226.2000	-4.63705	365.559
226.1000	-4.68152	366.148
226.0000	-4.71161	366.734
225.9000	-4.731	367.324
225.8000	-4.75437	367.914
225.7000	-4.77213	368.505
225.6000	-4.79478	369.097
225.5000	-4.78835	369.688
225.4000	-4.83052	370.28
225.3000	-4.81647	370.872
225.2000	-4.80976	371.464
225.1000	-4.79223	372.055
225.0000	-4.77052	372.65
224.9000	-4.77494	373.244
224.8000	-4.80461	373.836
224.7000	-4.84463	374.431
224.6000	-4.87912	375.029
224.5000	-4.89241	375.626
224.4000	-4.89435	376.224
224.3000	-4.8974	376.824
224.2000	-4.91963	377.425
224.1000	-4.95151	378.029
224.0000	-4.95632	378.631
223.9000	-4.95748	379.233
223.8000	-4.96151	379.835
223.7000	-5.00424	380.441
223.6000	-5.04152	381.048
223.5000	-5.09191	381.657
223.4000	-5.1372	382.268
223.3000	-5.16932	382.874
223.2000	-5.15476	383.486
223.1000	-5.1575	384.104
223.0000	-5.12331	384.722
222.9000	-5.12839	385.342
222.8000	-5.19655	385.97
222.7000	-5.24837	386.597
222.6000	-5.29467	387.224
222.5000	-5.3301	387.854
222.4000	-5.33597	388.492
222.3000	-5.3558	389.133
222.2000	-5.39388	389.776
222.1000	-5.41456	390.422
222.0000	-5.42112	391.073
221.9000	-5.45561	391.732
221.8000	-5.47681	392.397
221.7000	-5.50612	393.065
221.6000	-5.50877	393.741
221.5000	-5.52608	394.419
221.4000	-5.5094	395.107
221.3000	-5.53229	395.794
221.2000	-5.49962	396.484
221.1000	-5.4425	397.177
221.0000	-5.4364	397.876
220.9000	-5.41783	398.582
220.8000	-5.39061	399.29
220.7000	-5.41254	399.995
220.6000	-5.44978	400.704
220.5000	-5.45247	401.421
220.4000	-5.47602	402.141
220.3000	-5.49051	402.858
220.2000	-5.49503	403.572
220.1000	-5.50198	404.291
220.0000	-5.51716	405.017
219.9000	-5.50173	405.739
219.8000	-5.54094	406.458
219.7000	-5.59725	407.178
219.6000	-5.64803	407.898
219.5000	-5.66629	408.62
219.4000	-5.69734	409.341
219.3000	-5.72438	410.059
219.2000	-5.81252	410.769
219.1000	-5.83893	411.481
219.0000	-5.81537	412.194
218.9000	-5.76154	412.9
218.8000	-5.72931	413.6
218.7000	-5.68712	414.298
218.6000	-5.65704	414.993
218.5000	-5.66691	415.68
218.4000	-5.68416	416.359
218.3000	-5.67766	417.033
218.2000	-5.70157	417.705
218.1000	-5.66023	418.368
218.0000	-5.58045	419.029
217.9000	-5.58434	419.684
217.8000	-5.61842	420.329
217.7000	-5.60958	420.968
217.6000	-5.55685	421.615
217.5000	-5.46801	422.256
217.4000	-5.43318	422.884
217.3000	-5.44264	423.509
217.2000	-5.5099	424.131
217.1000	-5.57129	424.746
217.0000	-5.66008	425.359
216.9000	-5.72952	425.97
216.8000	-5.73148	426.573
216.7000	-5.75378	427.168
216.6000	-5.74085	427.761
216.5000	-5.73651	428.351
216.4000	-5.84254	428.932
216.3000	-5.91367	429.506
216.2000	-5.935	430.079
216.1000	-5.95096	430.649
216.0000	-6.00532	431.213
215.9000	-6.09328	431.766
215.8000	-6.21534	432.316
215.7000	-6.29684	432.863
215.6000	-6.35695	433.406
215.5000	-6.36028	433.945
215.4000	-6.36492	434.479
215.3000	-6.3356	435.004
215.2000	-6.3127	435.529
215.1000	-6.32855	436.053
215.0000	-6.35634	436.573
214.9000	-6.41987	437.088
214.8000	-6.4413	437.602
214.7000	-6.38581	438.114
214.6000	-6.35875	438.62
214.5000	-6.3525	439.124
214.4000	-6.29485	439.626
214.3000	-6.19322	440.121
214.2000	-6.14255	440.619
214.1000	-6.05114	441.114
214.0000	-5.99216	441.604
213.9000	-5.93351	442.093
213.8000	-5.85482	442.582
213.7000	-5.81603	443.069
213.6000	-5.78939	443.552
213.5000	-5.78023	444.033
213.4000	-5.77353	444.514
213.3000	-5.7533	444.995
213.2000	-5.76667	445.471
213.1000	-5.82303	445.94
213.0000	-5.88962	446.413
212.9000	-5.90881	446.887
212.8000	-5.94956	447.357
212.7000	-6.05371	447.826
212.6000	-6.17594	448.296
212.5000	-6.21993	448.762
212.4000	-6.30454	449.229
212.3000	-6.32912	449.697
212.2000	-6.39256	450.162
212.1000	-6.48414	450.627
212.0000	-6.55053	451.095
211.9000	-6.64942	451.564
211.8000	-6.7016	452.033
211.7000	-6.76086	452.504
211.6000	-6.8024	452.976
211.5000	-6.7438	453.454
211.4000	-6.73969	453.937
211.3000	-6.81287	454.417
211.2000	-6.88177	454.903
211.1000	-6.90683	455.391
211.0000	-6.95419	455.884
210.9000	-6.9808	456.376
210.8000	-6.99463	456.871
210.7000	-7.0648	457.369
210.6000	-7.12413	457.874
210.5000	-7.1471	458.381
210.4000	-7.17165	458.89
210.3000	-7.09465	459.408
210.2000	-7.04886	459.927
210.1000	-6.99957	460.452
210.0000	-6.94193	460.981
209.9000	-6.96011	461.516
209.8000	-7.05809	462.053
209.7000	-7.08024	462.596
209.6000	-7.03377	463.151
209.5000	-7.00456	463.708
209.4000	-7.03598	464.27
209.3000	-7.04757	464.841
209.2000	-7.06191	465.423
209.1000	-7.13407	466.012
209.0000	-7.20463	466.61
208.9000	-7.31901	467.217
208.8000	-7.38639	467.842
208.7000	-7.4416	468.477
208.6000	-7.51696	469.123
208.5000	-7.52193	469.786
208.4000	-7.63276	470.457
208.3000	-7.70661	471.138
208.2000	-7.63776	471.837
208.1000	-7.57952	472.552
208.0000	-7.58997	473.281
207.9000	-7.62156	474.026
207.8000	-7.56619	474.796
207.7000	-7.51646	475.582
207.6000	-7.49336	476.383
207.5000	-7.42486	477.204
207.4000	-7.3463	478.052
207.3000	-7.24036	478.916
207.2000	-7.18275	479.797
207.1000	-7.07308	480.701
207.0000	-7.07997	481.623
206.9000	-7.06535	482.569
206.8000	-7.09368	483.538
206.7000	-7.05591	484.534
206.6000	-7.02414	485.556
206.5000	-7.05561	486.598
206.4000	-7.03882	487.672
206.3000	-6.95718	488.773
206.2000	-6.91488	489.897
206.1000	-6.85672	491.045
206.0000	-6.72837	492.225
205.9000	-6.59976	493.441
205.8000	-6.48085	494.687
205.7000	-6.30375	495.967
205.6000	-6.12777	497.283
205.5000	-6.04195	498.635
205.4000	-5.93145	500.03
205.3000	-5.81449	501.469
205.2000	-5.76728	502.945
205.1000	-5.61626	504.469
205.0000	-5.55607	506.042
204.9000	-5.44585	507.668
204.8000	-5.25616	509.348
204.7000	-5.05076	511.084
204.6000	-4.82151	512.878
204.5000	-4.56421	514.733
204.4000	-4.46636	516.651
204.3000	-4.36049	518.641
204.2000	-4.28206	520.696
204.1000	-4.13398	522.825
204.0000	-4.0777	525.028
203.9000	-3.9563	527.311
203.8000	-3.90608	529.669
203.7000	-3.77211	532.112
203.6000	-3.56855	534.639
203.5000	-3.36509	537.263
203.4000	-3.11986	539.99
203.3000	-2.8715	542.812
203.2000	-2.71914	545.735
203.1000	-2.50694	548.769
203.0000	-2.30031	551.914
202.9000	-2.2409	555.165
202.8000	-2.07432	558.55
202.7000	-1.86173	562.058
202.6000	-1.63627	565.692
202.5000	-1.37927	569.456
202.4000	-1.19968	573.351
202.3000	-0.896528	577.39
202.2000	-0.749822	581.576
202.1000	-0.398382	585.914
202.0000	-0.20994	590.4
201.9000	-0.0928009	595.037
201.8000	0.166283	599.834
201.7000	0.45143	604.779
201.6000	0.668895	609.891
201.5000	1.03988	615.172
201.4000	0.965421	620.617
201.3000	1.13841	626.248
201.2000	1.31257	632.05
201.1000	1.43161	638.012
201.0000	1.81693	644.157
200.9000	2.23717	650.481
200.8000	2.51134	656.995
200.7000	2.91939	663.664
200.6000	2.97044	670.495
200.5000	3.04247	677.468
200.4000	3.2173	684.607
200.3000	3.50466	691.883
200.2000	3.84984	699.281
200.1000	3.91269	706.784
200.0000	3.64274	714.409
