250.0000	-0.518874	308.867
249.9000	-0.529333	308.96
249.8000	-0.531237	309.051
249.7000	-0.527099	309.141
249.6000	-0.52556	309.231
249.5000	-0.514676	309.32
249.4000	-0.497377	309.405
249.3000	-0.502577	309.493
249.2000	-0.524385	309.583
249.1000	-0.543063	309.671
249.0000	-0.569643	309.76
248.9000	-0.602987	309.85
248.8000	-0.622486	309.939
248.7000	-0.648255	310.027
248.6000	-0.682713	310.116
248.5000	-0.69316	310.204
248.4000	-0.703746	310.289
248.3000	-0.72879	310.375
248.2000	-0.739975	310.463
248.1000	-0.742362	310.552
248.0000	-0.742308	310.638
247.9000	-0.755841	310.725
247.8000	-0.784521	310.814
247.7000	-0.796947	310.902
247.6000	-0.75891	310.99
247.5000	-0.722218	311.078
247.4000	-0.712473	311.168
247.3000	-0.688763	311.256
247.2000	-0.665089	311.348
247.1000	-0.630173	311.437
247.0000	-0.607117	311.53
246.9000	-0.593758	311.623
246.8000	-0.603196	311.714
246.7000	-0.614109	311.809
246.6000	-0.599111	311.906
246.5000	-0.59168	312.007
246.4000	-0.616195	312.105
246.3000	-0.625024	312.206
246.2000	-0.634149	312.306
246.1000	-0.646659	312.409
246.0000	-0.671799	312.512
245.9000	-0.695432	312.613
245.8000	-0.718803	312.714
245.7000	-0.735539	312.816
245.6000	-0.758924	312.919
245.5000	-0.771302	313.022
245.4000	-0.800914	313.125
245.3000	-0.798959	313.224
245.2000	-0.787548	313.326
245.1000	-0.78152	313.432
245.0000	-0.750036	313.536
244.9000	-0.767752	313.636
244.8000	-0.770259	313.738
244.7000	-0.757702	313.84
244.6000	-0.748856	313.942
244.5000	-0.727263	314.046
244.4000	-0.703875	314.15
244.3000	-0.7098	314.257
244.2000	-0.718843	314.365
244.1000	-0.727814	314.471
244.0000	-0.702301	314.578
243.9000	-0.698038	314.685
243.8000	-0.694579	314.792
243.7000	-0.70411	314.901
243.6000	-0.738575	315.012
243.5000	-0.769669	315.121
243.4000	-0.782016	315.232
243.3000	-0.798624	315.343
243.2000	-0.796817	315.454
243.1000	-0.812755	315.564
243.0000	-0.826638	315.678
242.9000	-0.8452	315.793
242.8000	-0.872637	315.907
242.7000	-0.891069	316.02
242.6000	-0.910254	316.134
242.5000	-0.914453	316.25
242.4000	-0.933829	316.369
242.3000	-0.960906	316.486
242.2000	-0.964315	316.603
242.1000	-0.970329	316.723
242.0000	-0.963234	316.844
241.9000	-0.967652	316.965
241.8000	-0.977963	317.089
241.7000	-0.989037	317.215
241.6000	-0.999076	317.34
241.5000	-1.01506	317.468
241.4000	-1.02672	317.598
241.3000	-1.02424	317.728
241.2000	-1.00807	317.86
241.1000	-0.996414	317.996
241.0000	-0.986974	318.133
240.9000	-0.980538	318.27
240.8000	-0.992386	318.411
240.7000	-1.00791	318.551
240.6000	-1.01325	318.694
240.5000	-1.02767	318.839
240.4000	-1.04267	318.985
240.3000	-1.06575	319.135
240.2000	-1.07306	319.285
240.1000	-1.05019	319.434
240.0000	-1.03886	319.588
239.9000	-1.04688	319.745
239.8000	-1.07708	319.903
239.7000	-1.09546	320.061
239.6000	-1.12529	320.222
239.5000	-1.16941	320.382
239.4000	-1.19153	320.542
239.3000	-1.20618	320.705
239.2000	-1.20772	320.873
239.1000	-1.20815	321.041
239.0000	-1.20547	321.205
238.9000	-1.20951	321.375
238.8000	-1.18839	321.543
238.7000	-1.17967	321.714
238.6000	-1.16658	321.889
238.5000	-1.18639	322.066
238.4000	-1.24811	322.243
238.3000	-1.2853	322.419
238.2000	-1.29531	322.591
238.1000	-1.30978	322.769
238.0000	-1.34266	322.949
237.9000	-1.36774	323.132
237.8000	-1.39673	323.318
237.7000	-1.41651	323.507
237.6000	-1.44053	323.697
237.5000	-1.46552	323.885
237.4000	-1.4672	324.08
237.3000	-1.4685	324.28
237.2000	-1.50487	324.481
237.1000	-1.52728	324.689
237.0000	-1.54279	324.885
236.9000	-1.54797	325.085
236.8000	-1.54817	325.293
236.7000	-1.54583	325.501
236.6000	-1.55162	325.713
236.5000	-1.552	325.927
236.4000	-1.5462	326.143
236.3000	-1.52835	326.361
236.2000	-1.55041	326.58
236.1000	-1.57859	326.793
236.0000	-1.60346	327.013
235.9000	-1.62472	327.233
235.8000	-1.66613	327.46
235.7000	-1.72672	327.681
235.6000	-1.76182	327.905
235.5000	-1.77757	328.131
235.4000	-1.81857	328.363
235.3000	-1.87864	328.597
235.2000	-1.92717	328.83
235.1000	-1.93442	329.068
235.0000	-1.96366	329.304
234.9000	-1.99419	329.545
234.8000	-2.04026	329.79
234.7000	-2.08952	330.03
234.6000	-2.15343	330.278
234.5000	-2.19087	330.531
234.4000	-2.2385	330.785
234.3000	-2.27425	331.04
234.2000	-2.31768	331.299
234.1000	-2.36675	331.556
234.0000	-2.37738	331.824
233.9000	-2.45761	332.091
233.8000	-2.51987	332.354
233.7000	-2.56681	332.625
233.6000	-2.59538	332.902
233.5000	-2.6364	333.176
233.4000	-2.68374	333.453
233.3000	-2.73998	333.734
233.2000	-2.785	334.02
233.1000	-2.82044	334.308
233.0000	-2.832	334.594
232.9000	-2.84016	334.884
232.8000	-2.85322	335.171
232.7000	-2.86872	335.468
232.6000	-2.8971	335.764
232.5000	-2.92615	336.065
232.4000	-2.95815	336.364
232.3000	-2.96943	336.668
232.2000	-2.96171	336.973
232.1000	-2.9775	337.284
232.0000	-3.02041	337.596
231.9000	-3.06746	337.905
231.8000	-3.11008	338.223
231.7000	-3.13441	338.538
231.6000	-3.17427	338.862
231.5000	-3.20329	339.179
231.4000	-3.25545	339.498
231.3000	-3.28037	339.828
231.2000	-3.31215	340.157
231.1000	-3.35883	340.495
231.0000	-3.4055	340.83
230.9000	-3.4988	341.171
230.8000	-3.55812	341.509
230.7000	-3.61507	341.853
230.6000	-3.70381	342.195
230.5000	-3.79593	342.544
230.4000	-3.88733	342.885
230.3000	-3.95059	343.225
230.2000	-4.00758	343.575
230.1000	-4.06108	343.918
230.0000	-4.13903	344.266
229.9000	-4.18323	344.608
229.8000	-4.22313	344.956
229.7000	-4.27222	345.309
229.6000	-4.33665	345.655
229.5000	-4.41313	346.006
229.4000	-4.48959	346.358
229.3000	-4.5327	346.713
229.2000	-4.55426	347.072
229.1000	-4.57159	347.442
229.0000	-4.62114	347.81
228.9000	-4.6784	348.183
228.8000	-4.73638	348.568
228.7000	-4.75984	348.958
228.6000	-4.77505	349.351
228.5000	-4.81688	349.751
228.4000	-4.85623	350.156
228.3000	-4.90177	350.565
228.2000	-5.00721	350.979
228.1000	-5.10521	351.404
228.0000	-5.18264	351.825
227.9000	-5.22388	352.25
227.8000	-5.24881	352.676
227.7000	-5.29232	353.111
227.6000	-5.35778	353.546
227.5000	-5.42486	353.98
227.4000	-5.51185	354.413
227.3000	-5.61589	354.846
227.2000	-5.69359	355.284
227.1000	-5.7369	355.715
227.0000	-5.79269	356.149
226.9000	-5.86181	356.583
226.8000	-5.94853	357.013
226.7000	-6.00631	357.448
226.6000	-6.02757	357.891
226.5000	-6.03391	358.327
226.4000	-6.03459	358.76
226.3000	-6.06923	359.199
226.2000	-6.12455	359.641
226.1000	-6.19013	360.082
226.0000	-6.23545	360.518
225.9000	-6.26968	360.954
225.8000	-6.30634	361.391
225.7000	-6.30467	361.838
225.6000	-6.27117	362.283
225.5000	-6.25633	362.723
225.4000	-6.33269	363.169
225.3000	-6.37855	363.618
225.2000	-6.40995	364.068
225.1000	-6.41031	364.519
225.0000	-6.45558	364.965
224.9000	-6.52235	365.413
224.8000	-6.61505	365.868
224.7000	-6.72728	366.322
224.6000	-6.82057	366.778
224.5000	-6.90415	367.235
224.4000	-6.96585	367.692
224.3000	-7.06181	368.149
224.2000	-7.12516	368.614
224.1000	-7.16047	369.08
224.0000	-7.23532	369.541
223.9000	-7.32723	370.003
223.8000	-7.35379	370.469
223.7000	-7.36368	370.936
223.6000	-7.42455	371.403
223.5000	-7.48685	371.871
223.4000	-7.56918	372.34
223.3000	-7.63725	372.812
223.2000	-7.67706	373.282
223.1000	-7.71106	373.754
223.0000	-7.70264	374.228
222.9000	-7.75466	374.702
222.8000	-7.82051	375.182
222.7000	-7.90577	375.665
222.6000	-7.97384	376.148
222.5000	-8.07007	376.629
222.4000	-8.13015	377.119
222.3000	-8.13225	377.613
222.2000	-8.16004	378.108
222.1000	-8.20637	378.606
222.0000	-8.27019	379.105
221.9000	-8.3604	379.606
221.8000	-8.4707	380.117
221.7000	-8.51893	380.632
221.6000	-8.55865	381.145
221.5000	-8.59626	381.661
221.4000	-8.63502	382.184
221.3000	-8.6962	382.708
221.2000	-8.73449	383.232
221.1000	-8.72209	383.759
221.0000	-8.69174	384.29
220.9000	-8.62996	384.824
220.8000	-8.61727	385.359
220.7000	-8.70264	385.891
220.6000	-8.77043	386.427
220.5000	-8.817	386.966
220.4000	-8.86604	387.505
220.3000	-8.85103	388.05
220.2000	-8.77806	388.598
220.1000	-8.73005	389.143
220.0000	-8.74704	389.689
219.9000	-8.74346	390.236
219.8000	-8.72501	390.782
219.7000	-8.68854	391.331
219.6000	-8.70427	391.879
219.5000	-8.6911	392.429
219.4000	-8.70722	392.977
219.3000	-8.73883	393.53
219.2000	-8.76371	394.08
219.1000	-8.75805	394.628
219.0000	-8.72954	395.175
218.9000	-8.72985	395.724
218.8000	-8.71652	396.269
218.7000	-8.69896	396.814
218.6000	-8.6994	397.357
218.5000	-8.68958	397.899
218.4000	-8.67143	398.439
218.3000	-8.62294	398.981
218.2000	-8.66951	399.524
218.1000	-8.7069	400.066
218.0000	-8.70639	400.606
217.9000	-8.67194	401.145
217.8000	-8.71243	401.684
217.7000	-8.73122	402.216
217.6000	-8.74148	402.749
217.5000	-8.70975	403.287
217.4000	-8.67733	403.821
217.3000	-8.64568	404.352
217.2000	-8.66899	404.884
217.1000	-8.70928	405.416
217.0000	-8.72866	405.946
216.9000	-8.79376	406.474
216.8000	-8.85242	407.001
216.7000	-8.88292	407.524
216.6000	-8.93981	408.044
216.5000	-8.92838	408.565
216.4000	-8.95057	409.088
216.3000	-8.9764	409.61
216.2000	-8.97549	410.133
216.1000	-8.92697	410.655
216.0000	-8.87211	411.183
215.9000	-8.85578	411.705
215.8000	-8.90287	412.226
215.7000	-8.97279	412.749
215.6000	-9.05135	413.27
215.5000	-9.04162	413.788
215.4000	-8.96628	414.309
215.3000	-8.86958	414.831
215.2000	-8.77597	415.355
215.1000	-8.75401	415.875
215.0000	-8.74522	416.401
214.9000	-8.69067	416.929
214.8000	-8.7097	417.451
214.7000	-8.64202	417.972
214.6000	-8.54611	418.497
214.5000	-8.47689	419.02
214.4000	-8.41535	419.539
214.3000	-8.37489	420.058
214.2000	-8.31934	420.581
214.1000	-8.20883	421.107
214.0000	-8.05202	421.634
213.9000	-7.92093	422.167
213.8000	-7.85378	422.702
213.7000	-7.85375	423.233
213.6000	-7.81	423.768
213.5000	-7.77466	424.304
213.4000	-7.72062	424.844
213.3000	-7.683	425.387
213.2000	-7.60386	425.931
213.1000	-7.51577	426.48
213.0000	-7.47078	427.031
212.9000	-7.45108	427.586
212.8000	-7.44697	428.144
212.7000	-7.43932	428.709
212.6000	-7.49323	429.271
212.5000	-7.51773	429.832
212.4000	-7.52009	430.402
212.3000	-7.51888	430.977
212.2000	-7.46038	431.548
212.1000	-7.43	432.127
212.0000	-7.38923	432.715
211.9000	-7.43221	433.301
211.8000	-7.41378	433.891
211.7000	-7.39023	434.485
211.6000	-7.29296	435.086
211.5000	-7.23536	435.69
211.4000	-7.21824	436.299
211.3000	-7.2146	436.912
211.2000	-7.28396	437.531
211.1000	-7.25271	438.155
211.0000	-7.18419	438.783
210.9000	-7.09021	439.424
210.8000	-7.03533	440.074
210.7000	-7.02616	440.721
210.6000	-6.9794	441.373
210.5000	-6.91296	442.034
210.4000	-6.84881	442.699
210.3000	-6.77452	443.372
210.2000	-6.67126	444.054
210.1000	-6.62289	444.741
210.0000	-6.54867	445.432
209.9000	-6.51111	446.132
209.8000	-6.47237	446.841
209.7000	-6.43521	447.555
209.6000	-6.25994	448.277
209.5000	-6.08183	449.006
209.4000	-5.98929	449.743
209.3000	-5.98721	450.488
209.2000	-5.96237	451.24
209.1000	-5.86654	452.002
209.0000	-5.74767	452.781
208.9000	-5.74307	453.568
208.8000	-5.76382	454.367
208.7000	-5.78711	455.175
208.6000	-5.78011	455.992
208.5000	-5.7569	456.822
208.4000	-5.74089	457.667
208.3000	-5.67099	458.522
208.2000	-5.65433	459.387
208.1000	-5.55868	460.266
208.0000	-5.53033	461.161
207.9000	-5.61124	462.062
207.8000	-5.62885	462.977
207.7000	-5.59115	463.904
207.6000	-5.5314	464.846
207.5000	-5.4618	465.801
207.4000	-5.44455	466.765
207.3000	-5.4116	467.743
207.2000	-5.28228	468.739
207.1000	-5.14379	469.745
207.0000	-5.04774	470.764
206.9000	-4.9702	471.797
206.8000	-4.879	472.838
206.7000	-4.80234	473.893
206.6000	-4.7775	474.963
206.5000	-4.64825	476.047
206.4000	-4.58357	477.145
206.3000	-4.39665	478.258
206.2000	-4.2437	479.385
206.1000	-4.18899	480.523
206.0000	-4.0975	481.681
205.9000	-4.03292	482.851
205.8000	-3.94135	484.033
205.7000	-3.84341	485.237
205.6000	-3.80257	486.449
205.5000	-3.76595	487.676
205.4000	-3.66833	488.923
205.3000	-3.55907	490.194
205.2000	-3.50009	491.484
205.1000	-3.43679	492.794
205.0000	-3.43672	494.121
204.9000	-3.42025	495.475
204.8000	-3.3615	496.846
204.7000	-3.25496	498.244
204.6000	-3.22818	499.668
204.5000	-3.04815	501.121
204.4000	-2.84444	502.6
204.3000	-2.70088	504.106
204.2000	-2.47655	505.647
204.1000	-2.39798	507.213
204.0000	-2.2078	508.813
203.9000	-2.05892	510.446
203.8000	-1.98812	512.114
203.7000	-1.96683	513.818
203.6000	-1.76345	515.557
203.5000	-1.58318	517.335
203.4000	-1.40581	519.16
203.3000	-1.14465	521.028
203.2000	-0.93126	522.938
203.1000	-0.774569	524.895
203.0000	-0.604368	526.898
202.9000	-0.448363	528.94
202.8000	-0.381478	531.038
202.7000	-0.231958	533.19
202.6000	-0.182754	535.385
202.5000	-0.062498	537.637
202.4000	0.0940466	539.949
202.3000	0.164995	542.315
202.2000	0.269483	544.74
202.1000	0.530181	547.232
202.0000	0.707821	549.779
201.9000	0.709551	552.38
201.8000	0.863289	555.049
201.7000	1.05087	557.774
201.6000	1.05002	560.563
201.5000	1.08398	563.417
201.4000	1.08591	566.342
201.3000	1.03305	569.336
201.2000	1.11737	572.404
201.1000	1.29538	575.539
201.0000	1.49126	578.738
200.9000	1.67796	582.009
200.8000	1.72457	585.358
200.7000	1.8525	588.764
200.6000	1.97198	592.242
200.5000	2.20929	595.787
200.4000	2.39963	599.399
200.3000	2.46538	603.063
200.2000	2.59818	606.788
200.1000	2.83449	610.575
200.0000	3.09458	614.422
