250.0000	-0.212496	307.305
249.9000	-0.225629	307.388
249.8000	-0.249644	307.471
249.7000	-0.246141	307.552
249.6000	-0.243302	307.631
249.5000	-0.24047	307.712
249.4000	-0.232403	307.793
249.3000	-0.227959	307.872
249.2000	-0.227166	307.953
249.1000	-0.218094	308.034
249.0000	-0.219191	308.114
248.9000	-0.219402	308.195
248.8000	-0.203671	308.278
248.7000	-0.180626	308.358
248.6000	-0.169418	308.441
248.5000	-0.167919	308.527
248.4000	-0.152706	308.611
248.3000	-0.169735	308.692
248.2000	-0.151614	308.773
248.1000	-0.123666	308.854
248.0000	-0.126962	308.938
247.9000	-0.132664	309.018
247.8000	-0.121416	309.101
247.7000	-0.128638	309.181
247.6000	-0.124071	309.262
247.5000	-0.113346	309.343
247.4000	-0.120579	309.426
247.3000	-0.127847	309.51
247.2000	-0.121767	309.594
247.1000	-0.116473	309.676
247.0000	-0.116791	309.76
246.9000	-0.118777	309.845
246.8000	-0.11173	309.93
246.7000	-0.102236	310.016
246.6000	-0.100598	310.103
246.5000	-0.0992447	310.197
246.4000	-0.117377	310.29
246.3000	-0.128722	310.383
246.2000	-0.131255	310.477
246.1000	-0.130805	310.575
246.0000	-0.130567	310.675
245.9000	-0.135809	310.774
245.8000	-0.144961	310.874
245.7000	-0.148441	310.971
245.6000	-0.152708	311.066
245.5000	-0.177368	311.162
245.4000	-0.201996	311.261
245.3000	-0.192902	311.357
245.2000	-0.213386	311.449
245.1000	-0.228051	311.546
245.0000	-0.221272	311.643
244.9000	-0.227975	311.738
244.8000	-0.227759	311.83
244.7000	-0.230246	311.924
244.6000	-0.22587	312.017
244.5000	-0.212343	312.112
244.4000	-0.207926	312.207
244.3000	-0.22491	312.301
244.2000	-0.229319	312.398
244.1000	-0.238095	312.491
244.0000	-0.258178	312.585
243.9000	-0.255728	312.683
243.8000	-0.251119	312.783
243.7000	-0.254442	312.883
243.6000	-0.266811	312.987
243.5000	-0.251897	313.089
243.4000	-0.255607	313.188
243.3000	-0.265064	313.292
243.2000	-0.262852	313.397
243.1000	-0.267085	313.501
243.0000	-0.255025	313.607
242.9000	-0.249105	313.714
242.8000	-0.25699	313.82
242.7000	-0.270445	313.926
242.6000	-0.288498	314.031
242.5000	-0.321622	314.14
242.4000	-0.319574	314.255
242.3000	-0.31384	314.367
242.2000	-0.305747	314.478
242.1000	-0.29985	314.588
242.0000	-0.306909	314.699
241.9000	-0.30953	314.812
241.8000	-0.32249	314.928
241.7000	-0.301031	315.044
241.6000	-0.308684	315.156
241.5000	-0.308349	315.27
241.4000	-0.311752	315.388
241.3000	-0.324571	315.508
241.2000	-0.336998	315.629
241.1000	-0.341018	315.751
241.0000	-0.343441	315.874
240.9000	-0.323022	316.002
240.8000	-0.30838	316.128
240.7000	-0.335534	316.254
240.6000	-0.365259	316.384
240.5000	-0.397462	316.514
240.4000	-0.419823	316.647
240.3000	-0.413557	316.782
240.2000	-0.417138	316.916
240.1000	-0.43323	317.05
240.0000	-0.453006	317.189
239.9000	-0.451365	317.333
239.8000	-0.464051	317.479
239.7000	-0.482689	317.622
239.6000	-0.528426	317.769
239.5000	-0.548542	317.918
239.4000	-0.554853	318.069
239.3000	-0.557859	318.223
239.2000	-0.584624	318.375
239.1000	-0.616846	318.531
239.0000	-0.612107	318.688
238.9000	-0.59451	318.847
238.8000	-0.5973	319.009
238.7000	-0.615112	319.17
238.6000	-0.623549	319.336
238.5000	-0.649008	319.505
238.4000	-0.664414	319.674
238.3000	-0.699908	319.844
238.2000	-0.716841	320.015
238.1000	-0.712852	320.19
238.0000	-0.693443	320.365
237.9000	-0.666359	320.542
237.8000	-0.659303	320.724
237.7000	-0.67989	320.905
237.6000	-0.726872	321.091
237.5000	-0.702761	321.28
237.4000	-0.684217	321.468
237.3000	-0.699807	321.66
237.2000	-0.714156	321.856
237.1000	-0.726371	322.056
237.0000	-0.748878	322.252
236.9000	-0.763365	322.45
236.8000	-0.752354	322.655
236.7000	-0.751054	322.864
236.6000	-0.739391	323.075
236.5000	-0.746927	323.283
236.4000	-0.769045	323.497
236.3000	-0.78035	323.714
236.2000	-0.82028	323.933
236.1000	-0.864472	324.15
236.0000	-0.872367	324.372
235.9000	-0.862574	324.592
235.8000	-0.915888	324.816
235.7000	-0.957694	325.042
235.6000	-0.997302	325.27
235.5000	-1.06492	325.501
235.4000	-1.11257	325.733
235.3000	-1.1548	325.97
235.2000	-1.2108	326.209
235.1000	-1.28551	326.45
235.0000	-1.31456	326.691
234.9000	-1.34093	326.939
234.8000	-1.37261	327.191
234.7000	-1.42512	327.438
234.6000	-1.48978	327.69
234.5000	-1.53905	327.949
234.4000	-1.59755	328.209
234.3000	-1.64854	328.471
234.2000	-1.66997	328.741
234.1000	-1.67216	329.012
234.0000	-1.67516	329.286
233.9000	-1.6633	329.563
233.8000	-1.65352	329.842
233.7000	-1.63836	330.127
233.6000	-1.65077	330.415
233.5000	-1.64056	330.702
233.4000	-1.66401	330.99
233.3000	-1.71222	331.286
233.2000	-1.74102	331.582
233.1000	-1.74678	331.882
233.0000	-1.7452	332.188
232.9000	-1.72435	332.495
232.8000	-1.70728	332.801
232.7000	-1.6901	333.114
232.6000	-1.7241	333.426
232.5000	-1.78799	333.741
232.4000	-1.84258	334.062
232.3000	-1.88181	334.385
232.2000	-1.9131	334.705
232.1000	-1.93379	335.033
232.0000	-1.98148	335.364
231.9000	-2.02913	335.697
231.8000	-2.06024	336.036
231.7000	-2.03855	336.378
231.6000	-2.05665	336.724
231.5000	-2.1085	337.07
231.4000	-2.15161	337.418
231.3000	-2.19877	337.769
231.2000	-2.27615	338.123
231.1000	-2.33075	338.482
231.0000	-2.37031	338.844
230.9000	-2.37891	339.209
230.8000	-2.38343	339.576
230.7000	-2.39103	339.946
230.6000	-2.42328	340.319
230.5000	-2.48013	340.691
230.4000	-2.51225	341.063
230.3000	-2.50839	341.434
230.2000	-2.52087	341.808
230.1000	-2.57189	342.18
230.0000	-2.60399	342.555
229.9000	-2.64816	342.928
229.8000	-2.67901	343.303
229.7000	-2.74945	343.682
229.6000	-2.77681	344.063
229.5000	-2.77583	344.446
229.4000	-2.76533	344.833
229.3000	-2.76708	345.222
229.2000	-2.78535	345.615
229.1000	-2.82529	346.01
229.0000	-2.8529	346.413
228.9000	-2.87284	346.821
228.8000	-2.91246	347.237
228.7000	-2.98025	347.658
228.6000	-3.06571	348.085
228.5000	-3.10429	348.517
228.4000	-3.11039	348.954
228.3000	-3.13753	349.394
228.2000	-3.18453	349.841
228.1000	-3.20246	350.295
228.0000	-3.19072	350.752
227.9000	-3.22003	351.209
227.8000	-3.24149	351.67
227.7000	-3.3127	352.133
227.6000	-3.36169	352.6
227.5000	-3.4022	353.064
227.4000	-3.42477	353.53
227.3000	-3.45861	353.996
227.2000	-3.47716	354.467
227.1000	-3.45377	354.936
227.0000	-3.45189	355.404
226.9000	-3.43599	355.871
226.8000	-3.43916	356.34
226.7000	-3.4872	356.808
226.6000	-3.51917	357.28
226.5000	-3.53014	357.75
226.4000	-3.58472	358.219
226.3000	-3.64358	358.688
226.2000	-3.7044	359.16
226.1000	-3.75831	359.632
226.0000	-3.79821	360.103
225.9000	-3.83731	360.573
225.8000	-3.84273	361.05
225.7000	-3.90453	361.528
225.6000	-3.93619	362.008
225.5000	-3.97615	362.482
225.4000	-4.01203	362.959
225.3000	-4.03592	363.439
225.2000	-4.08316	363.922
225.1000	-4.12989	364.404
225.0000	-4.15623	364.887
224.9000	-4.19325	365.37
224.8000	-4.22367	365.854
224.7000	-4.2395	366.341
224.6000	-4.23388	366.831
224.5000	-4.23925	367.318
224.4000	-4.24679	367.806
224.3000	-4.22521	368.296
224.2000	-4.20957	368.789
224.1000	-4.2193	369.278
224.0000	-4.26041	369.768
223.9000	-4.31302	370.258
223.8000	-4.34875	370.749
223.7000	-4.38279	371.241
223.6000	-4.42487	371.731
223.5000	-4.4482	372.225
223.4000	-4.47821	372.718
223.3000	-4.52809	373.209
223.2000	-4.56372	373.704
223.1000	-4.58674	374.201
223.0000	-4.62678	374.697
222.9000	-4.66122	375.196
222.8000	-4.693	375.7
222.7000	-4.73082	376.204
222.6000	-4.78769	376.711
222.5000	-4.84443	377.223
222.4000	-4.86487	377.733
222.3000	-4.85162	378.245
222.2000	-4.86775	378.764
222.1000	-4.87418	379.287
222.0000	-4.87386	379.811
221.9000	-4.91948	380.338
221.8000	-4.97013	380.87
221.7000	-4.95742	381.408
221.6000	-4.91323	381.95
221.5000	-4.88561	382.491
221.4000	-4.89799	383.035
221.3000	-4.92766	383.582
221.2000	-4.93344	384.131
221.1000	-4.9742	384.681
221.0000	-5.01049	385.237
220.9000	-5.05401	385.794
220.8000	-5.14166	386.351
220.7000	-5.19424	386.91
220.6000	-5.2486	387.471
220.5000	-5.29483	388.031
220.4000	-5.34778	388.599
220.3000	-5.38194	389.169
220.2000	-5.36059	389.738
220.1000	-5.37797	390.308
220.0000	-5.44192	390.879
219.9000	-5.50227	391.449
219.8000	-5.57024	392.022
219.7000	-5.55536	392.598
219.6000	-5.52041	393.175
219.5000	-5.51991	393.75
219.4000	-5.5133	394.325
219.3000	-5.50694	394.899
219.2000	-5.5166	395.468
219.1000	-5.52375	396.036
219.0000	-5.52587	396.608
218.9000	-5.48341	397.179
218.8000	-5.47256	397.742
218.7000	-5.49407	398.3
218.6000	-5.51684	398.861
218.5000	-5.555	399.418
218.4000	-5.56016	399.969
218.3000	-5.55687	400.519
218.2000	-5.57817	401.067
218.1000	-5.61941	401.609
218.0000	-5.68658	402.147
217.9000	-5.7843	402.68
217.8000	-5.80405	403.211
217.7000	-5.81931	403.741
217.6000	-5.82865	404.273
217.5000	-5.80899	404.804
217.4000	-5.79825	405.335
217.3000	-5.82697	405.858
217.2000	-5.86706	406.38
217.1000	-5.87841	406.899
217.0000	-5.87927	407.414
216.9000	-5.93123	407.929
216.8000	-5.99858	408.444
216.7000	-6.05405	408.954
216.6000	-6.11117	409.461
216.5000	-6.13905	409.967
216.4000	-6.14357	410.473
216.3000	-6.19812	410.976
216.2000	-6.24896	411.481
216.1000	-6.30737	411.983
216.0000	-6.31566	412.481
215.9000	-6.38542	412.977
215.8000	-6.40072	413.474
215.7000	-6.3848	413.97
215.6000	-6.40317	414.461
215.5000	-6.4157	414.956
215.4000	-6.44186	415.452
215.3000	-6.44153	415.941
215.2000	-6.41033	416.429
215.1000	-6.41209	416.918
215.0000	-6.40071	417.404
214.9000	-6.4137	417.89
214.8000	-6.40482	418.377
214.7000	-6.42519	418.862
214.6000	-6.40015	419.346
214.5000	-6.36376	419.828
214.4000	-6.38274	420.31
214.3000	-6.40806	420.791
214.2000	-6.38505	421.274
214.1000	-6.44089	421.752
214.0000	-6.52981	422.229
213.9000	-6.54914	422.707
213.8000	-6.57116	423.185
213.7000	-6.62253	423.661
213.6000	-6.66112	424.138
213.5000	-6.68657	424.615
213.4000	-6.73494	425.094
213.3000	-6.79253	425.576
213.2000	-6.82542	426.059
213.1000	-6.87643	426.54
213.0000	-6.90834	427.021
212.9000	-6.9744	427.505
212.8000	-7.02289	427.995
212.7000	-7.04345	428.485
212.6000	-7.04777	428.972
212.5000	-7.07737	429.455
212.4000	-7.09813	429.943
212.3000	-7.1421	430.438
212.2000	-7.17677	430.933
212.1000	-7.18087	431.427
212.0000	-7.16638	431.925
211.9000	-7.18623	432.426
211.8000	-7.19994	432.927
211.7000	-7.24095	433.428
211.6000	-7.22061	433.932
211.5000	-7.22555	434.436
211.4000	-7.21807	434.944
211.3000	-7.19783	435.457
211.2000	-7.23267	435.973
211.1000	-7.19753	436.487
211.0000	-7.22085	437.002
210.9000	-7.27189	437.525
210.8000	-7.26287	438.053
210.7000	-7.29566	438.583
210.6000	-7.36196	439.111
210.5000	-7.4968	439.644
210.4000	-7.53993	440.188
210.3000	-7.57519	440.738
210.2000	-7.64754	441.289
210.1000	-7.7029	441.846
210.0000	-7.7058	442.41
209.9000	-7.76924	442.977
209.8000	-7.83083	443.552
209.7000	-7.87493	444.132
209.6000	-7.96849	444.716
209.5000	-7.98021	445.309
209.4000	-8.08013	445.909
209.3000	-8.13295	446.519
209.2000	-8.16374	447.134
209.1000	-8.1868	447.754
209.0000	-8.16169	448.383
208.9000	-8.09789	449.026
208.8000	-8.09451	449.679
208.7000	-8.10418	450.338
208.6000	-8.16884	451.002
208.5000	-8.16896	451.677
208.4000	-8.11194	452.368
208.3000	-8.06597	453.073
208.2000	-7.98472	453.788
208.1000	-7.88063	454.514
208.0000	-7.81528	455.253
207.9000	-7.78858	456.003
207.8000	-7.80353	456.764
207.7000	-7.83661	457.54
207.6000	-7.82641	458.334
207.5000	-7.81558	459.142
207.4000	-7.77142	459.966
207.3000	-7.76216	460.804
207.2000	-7.75748	461.656
207.1000	-7.70599	462.52
207.0000	-7.66039	463.402
206.9000	-7.56814	464.306
206.8000	-7.52108	465.224
206.7000	-7.4777	466.153
206.6000	-7.46674	467.097
206.5000	-7.48058	468.062
206.4000	-7.55665	469.048
206.3000	-7.55523	470.048
206.2000	-7.50506	471.07
206.1000	-7.46979	472.11
206.0000	-7.35237	473.176
205.9000	-7.36861	474.254
205.8000	-7.33099	475.356
205.7000	-7.3396	476.482
205.6000	-7.26385	477.633
205.5000	-7.21432	478.807
205.4000	-7.18595	480.007
205.3000	-7.18225	481.235
205.2000	-7.08895	482.496
205.1000	-7.11267	483.781
205.0000	-7.13948	485.099
204.9000	-7.12449	486.456
204.8000	-7.10647	487.842
204.7000	-7.02376	489.264
204.6000	-6.85016	490.728
204.5000	-6.6688	492.233
204.4000	-6.52092	493.777
204.3000	-6.45797	495.363
204.2000	-6.34399	496.995
204.1000	-6.25632	498.674
204.0000	-5.96839	500.41
203.9000	-5.76433	502.196
203.8000	-5.50441	504.034
203.7000	-5.31366	505.923
203.6000	-5.17379	507.864
203.5000	-5.04082	509.862
203.4000	-4.81843	511.932
203.3000	-4.54681	514.067
203.2000	-4.25119	516.266
203.1000	-4.0472	518.531
203.0000	-3.83234	520.873
202.9000	-3.73631	523.282
202.8000	-3.73303	525.77
202.7000	-3.66282	528.335
202.6000	-3.52445	530.984
202.5000	-3.33651	533.716
202.4000	-3.20881	536.528
202.3000	-3.15697	539.42
202.2000	-3.04143	542.404
202.1000	-2.97238	545.489
202.0000	-2.82228	548.672
201.9000	-2.51554	551.945
201.8000	-2.39273	555.311
201.7000	-2.34814	558.77
201.6000	-2.18634	562.34
201.5000	-2.08372	566.009
201.4000	-1.87668	569.8
201.3000	-1.75085	573.699
201.2000	-1.62526	577.708
201.1000	-1.57763	581.821
201.0000	-1.33586	586.048
200.9000	-0.955653	590.387
200.8000	-0.912315	594.839
200.7000	-0.828769	599.391
200.6000	-0.642099	604.053
200.5000	-0.411688	608.816
200.4000	-0.0781534	613.698
200.3000	0.266892	618.667
200.2000	0.178021	623.744
200.1000	0.355518	628.93
200.0000	0.721444	634.222
