250.0000	0.335892	305.998
249.9000	0.342708	306.062
249.8000	0.343753	306.132
249.7000	0.353942	306.203
249.6000	0.375158	306.27
249.5000	0.392032	306.337
249.4000	0.379696	306.403
249.3000	0.343463	306.47
249.2000	0.318897	306.537
249.1000	0.310551	306.605
249.0000	0.311766	306.672
248.9000	0.307982	306.738
248.8000	0.300715	306.805
248.7000	0.298055	306.874
248.6000	0.304352	306.942
248.5000	0.312174	307.01
248.4000	0.314231	307.077
248.3000	0.32242	307.146
248.2000	0.306956	307.213
248.1000	0.307811	307.28
248.0000	0.313982	307.346
247.9000	0.289563	307.41
247.8000	0.283665	307.479
247.7000	0.29271	307.545
247.6000	0.294692	307.612
247.5000	0.305404	307.679
247.4000	0.285894	307.746
247.3000	0.269393	307.817
247.2000	0.274741	307.891
247.1000	0.258824	307.964
247.0000	0.247282	308.036
246.9000	0.242805	308.111
246.8000	0.232397	308.187
246.7000	0.216706	308.261
246.6000	0.189033	308.338
246.5000	0.184342	308.42
246.4000	0.18214	308.501
246.3000	0.171747	308.583
246.2000	0.177412	308.666
246.1000	0.170403	308.753
246.0000	0.143729	308.841
245.9000	0.129479	308.927
245.8000	0.127561	309.014
245.7000	0.169706	309.102
245.6000	0.164295	309.187
245.5000	0.156972	309.273
245.4000	0.161886	309.36
245.3000	0.16372	309.444
245.2000	0.176544	309.528
245.1000	0.159641	309.618
245.0000	0.171609	309.708
244.9000	0.172604	309.793
244.8000	0.174348	309.879
244.7000	0.175635	309.97
244.6000	0.174937	310.058
244.5000	0.184205	310.146
244.4000	0.212102	310.233
244.3000	0.241332	310.325
244.2000	0.247954	310.415
244.1000	0.231738	310.503
244.0000	0.205079	310.59
243.9000	0.207802	310.678
243.8000	0.189095	310.77
243.7000	0.180701	310.865
243.6000	0.148398	310.96
243.5000	0.131323	311.053
243.4000	0.142048	311.146
243.3000	0.147839	311.239
243.2000	0.143221	311.333
243.1000	0.120336	311.428
243.0000	0.0954045	311.524
242.9000	0.0587976	311.622
242.8000	0.0339339	311.721
242.7000	-0.00886612	311.821
242.6000	-0.0316635	311.92
242.5000	-0.0227837	312.024
242.4000	-0.0141248	312.13
242.3000	-0.00341446	312.236
242.2000	-0.0110339	312.341
242.1000	0.031107	312.445
242.0000	0.0479892	312.552
241.9000	0.0665831	312.661
241.8000	0.0623376	312.769
241.7000	0.0382957	312.879
241.6000	0.03008	312.995
241.5000	0.0406569	313.11
241.4000	0.0488872	313.223
241.3000	0.0506763	313.341
241.2000	0.0580714	313.462
241.1000	0.0416869	313.579
241.0000	0.0397589	313.699
240.9000	0.0212323	313.822
240.8000	-0.0187431	313.945
240.7000	-0.0465829	314.072
240.6000	-0.0835046	314.202
240.5000	-0.114015	314.333
240.4000	-0.159301	314.466
240.3000	-0.178675	314.599
240.2000	-0.192561	314.735
240.1000	-0.188106	314.873
240.0000	-0.202896	315.014
239.9000	-0.228683	315.156
239.8000	-0.261132	315.301
239.7000	-0.283703	315.447
239.6000	-0.304355	315.595
239.5000	-0.303887	315.744
239.4000	-0.293122	315.897
239.3000	-0.280331	316.05
239.2000	-0.295039	316.204
239.1000	-0.278597	316.36
239.0000	-0.253921	316.514
238.9000	-0.233778	316.672
238.8000	-0.234396	316.83
238.7000	-0.2324	316.988
238.6000	-0.219201	317.154
238.5000	-0.226577	317.321
238.4000	-0.23325	317.487
238.3000	-0.231577	317.655
238.2000	-0.244738	317.825
238.1000	-0.244007	317.996
238.0000	-0.237354	318.17
237.9000	-0.257979	318.345
237.8000	-0.306764	318.521
237.7000	-0.356249	318.701
237.6000	-0.378235	318.886
237.5000	-0.41685	319.07
237.4000	-0.448914	319.258
237.3000	-0.477677	319.451
237.2000	-0.496301	319.646
237.1000	-0.513509	319.847
237.0000	-0.5606	320.045
236.9000	-0.621965	320.243
236.8000	-0.662805	320.445
236.7000	-0.702794	320.652
236.6000	-0.744063	320.86
236.5000	-0.780184	321.07
236.4000	-0.83175	321.287
236.3000	-0.886185	321.503
236.2000	-0.915095	321.724
236.1000	-0.929481	321.945
236.0000	-0.957391	322.169
235.9000	-0.988023	322.393
235.8000	-1.0274	322.622
235.7000	-1.08122	322.853
235.6000	-1.14117	323.086
235.5000	-1.18577	323.323
235.4000	-1.24319	323.563
235.3000	-1.28699	323.807
235.2000	-1.30473	324.053
235.1000	-1.33325	324.302
235.0000	-1.34968	324.555
234.9000	-1.35248	324.811
234.8000	-1.36458	325.068
234.7000	-1.35931	325.325
234.6000	-1.36199	325.589
234.5000	-1.3466	325.856
234.4000	-1.34759	326.128
234.3000	-1.35589	326.402
234.2000	-1.35039	326.68
234.1000	-1.36699	326.958
234.0000	-1.39972	327.243
233.9000	-1.42654	327.531
233.8000	-1.45537	327.819
233.7000	-1.49661	328.111
233.6000	-1.53335	328.411
233.5000	-1.60843	328.711
233.4000	-1.65479	329.014
233.3000	-1.67768	329.32
233.2000	-1.71091	329.631
233.1000	-1.73985	329.948
233.0000	-1.7798	330.268
232.9000	-1.82436	330.591
232.8000	-1.88401	330.914
232.7000	-1.94314	331.244
232.6000	-2.01799	331.579
232.5000	-2.07525	331.918
232.4000	-2.11583	332.26
232.3000	-2.15857	332.603
232.2000	-2.17452	332.95
232.1000	-2.19336	333.304
232.0000	-2.18325	333.664
231.9000	-2.18919	334.025
231.8000	-2.19929	334.39
231.7000	-2.23723	334.761
231.6000	-2.27849	335.137
231.5000	-2.34193	335.516
231.4000	-2.38611	335.897
231.3000	-2.41206	336.283
231.2000	-2.44034	336.673
231.1000	-2.45928	337.07
231.0000	-2.46421	337.468
230.9000	-2.495	337.87
230.8000	-2.51653	338.279
230.7000	-2.54216	338.692
230.6000	-2.56449	339.108
230.5000	-2.61802	339.527
230.4000	-2.6623	339.945
230.3000	-2.69892	340.365
230.2000	-2.74306	340.79
230.1000	-2.79374	341.214
230.0000	-2.85936	341.641
229.9000	-2.92114	342.071
229.8000	-2.96676	342.505
229.7000	-3.03944	342.944
229.6000	-3.10269	343.387
229.5000	-3.16111	343.833
229.4000	-3.2297	344.285
229.3000	-3.28147	344.742
229.2000	-3.33219	345.203
229.1000	-3.35677	345.675
229.0000	-3.35478	346.155
228.9000	-3.40726	346.64
228.8000	-3.44605	347.136
228.7000	-3.46511	347.643
228.6000	-3.50915	348.154
228.5000	-3.531	348.677
228.4000	-3.55462	349.207
228.3000	-3.60103	349.744
228.2000	-3.6522	350.288
228.1000	-3.69089	350.839
228.0000	-3.71681	351.396
227.9000	-3.75444	351.955
227.8000	-3.81738	352.521
227.7000	-3.86767	353.098
227.6000	-3.91871	353.685
227.5000	-3.97697	354.271
227.4000	-4.0587	354.858
227.3000	-4.14339	355.45
227.2000	-4.19763	356.052
227.1000	-4.24889	356.654
227.0000	-4.30077	357.258
226.9000	-4.34792	357.864
226.8000	-4.39179	358.477
226.7000	-4.44082	359.097
226.6000	-4.43167	359.723
226.5000	-4.42609	360.35
226.4000	-4.42657	360.983
226.3000	-4.46559	361.621
226.2000	-4.4729	362.269
226.1000	-4.46103	362.919
226.0000	-4.46677	363.568
225.9000	-4.48582	364.219
225.8000	-4.49098	364.879
225.7000	-4.51607	365.546
225.6000	-4.52188	366.216
225.5000	-4.53678	366.89
225.4000	-4.55884	367.572
225.3000	-4.57601	368.258
225.2000	-4.59627	368.951
225.1000	-4.6345	369.647
225.0000	-4.66409	370.343
224.9000	-4.69314	371.045
224.8000	-4.7236	371.755
224.7000	-4.77963	372.47
224.6000	-4.82122	373.187
224.5000	-4.89346	373.908
224.4000	-4.94653	374.636
224.3000	-4.92674	375.372
224.2000	-4.94123	376.117
224.1000	-4.94782	376.864
224.0000	-4.96358	377.612
223.9000	-4.97728	378.363
223.8000	-4.97475	379.118
223.7000	-4.99657	379.877
223.6000	-5.01502	380.644
223.5000	-5.01159	381.412
223.4000	-5.01177	382.187
223.3000	-5.02236	382.968
223.2000	-5.04974	383.751
223.1000	-5.0882	384.537
223.0000	-5.0992	385.328
222.9000	-5.10054	386.121
222.8000	-5.0944	386.92
222.7000	-5.12526	387.722
222.6000	-5.15437	388.525
222.5000	-5.17476	389.33
222.4000	-5.18638	390.14
222.3000	-5.18897	390.953
222.2000	-5.23225	391.771
222.1000	-5.20838	392.593
222.0000	-5.19151	393.423
221.9000	-5.17685	394.253
221.8000	-5.20833	395.085
221.7000	-5.22084	395.922
221.6000	-5.23705	396.765
221.5000	-5.24654	397.609
221.4000	-5.16761	398.454
221.3000	-5.17039	399.299
221.2000	-5.19229	400.148
221.1000	-5.17844	400.994
221.0000	-5.20497	401.842
220.9000	-5.23086	402.688
220.8000	-5.24108	403.538
220.7000	-5.2361	404.39
220.6000	-5.20801	405.243
220.5000	-5.16961	406.098
220.4000	-5.20287	406.951
220.3000	-5.27224	407.801
220.2000	-5.31737	408.651
220.1000	-5.31311	409.503
220.0000	-5.35627	410.347
219.9000	-5.36901	411.189
219.8000	-5.39431	412.033
219.7000	-5.46105	412.874
219.6000	-5.46181	413.717
219.5000	-5.43118	414.557
219.4000	-5.43256	415.392
219.3000	-5.45763	416.224
219.2000	-5.46783	417.053
219.1000	-5.48032	417.872
219.0000	-5.57301	418.687
218.9000	-5.64497	419.498
218.8000	-5.71613	420.298
218.7000	-5.74124	421.089
218.6000	-5.76394	421.881
218.5000	-5.7935	422.666
218.4000	-5.77051	423.444
218.3000	-5.80784	424.215
218.2000	-5.83353	424.978
218.1000	-5.82663	425.731
218.0000	-5.79378	426.482
217.9000	-5.77163	427.224
217.8000	-5.82077	427.959
217.7000	-5.82208	428.689
217.6000	-5.84415	429.419
217.5000	-5.88798	430.142
217.4000	-5.8695	430.859
217.3000	-5.85441	431.568
217.2000	-5.81098	432.272
217.1000	-5.77891	432.972
217.0000	-5.76059	433.67
216.9000	-5.75017	434.356
216.8000	-5.74362	435.04
216.7000	-5.77393	435.718
216.6000	-5.75058	436.391
216.5000	-5.77114	437.061
216.4000	-5.85905	437.727
216.3000	-5.95551	438.388
216.2000	-5.98373	439.049
216.1000	-6.02832	439.707
216.0000	-6.05415	440.36
215.9000	-6.0391	441.003
215.8000	-6.08498	441.648
215.7000	-6.13501	442.291
215.6000	-6.15469	442.934
215.5000	-6.24689	443.575
215.4000	-6.3096	444.213
215.3000	-6.38542	444.847
215.2000	-6.46643	445.479
215.1000	-6.53805	446.107
215.0000	-6.62063	446.738
214.9000	-6.67976	447.369
214.8000	-6.73336	447.997
214.7000	-6.8111	448.624
214.6000	-6.81133	449.25
214.5000	-6.87288	449.876
214.4000	-6.86655	450.501
214.3000	-6.89447	451.129
214.2000	-6.96277	451.756
214.1000	-6.95332	452.382
214.0000	-7.00912	453.007
213.9000	-6.99293	453.634
213.8000	-6.96385	454.263
213.7000	-6.94559	454.892
213.6000	-6.90701	455.526
213.5000	-6.93331	456.162
213.4000	-6.93808	456.796
213.3000	-6.92189	457.43
213.2000	-6.94837	458.069
213.1000	-6.92262	458.706
213.0000	-6.93565	459.343
212.9000	-7.03269	459.981
212.8000	-7.08844	460.621
212.7000	-7.17022	461.257
212.6000	-7.25832	461.896
212.5000	-7.31787	462.535
212.4000	-7.35971	463.176
212.3000	-7.47563	463.814
212.2000	-7.59435	464.447
212.1000	-7.72658	465.077
212.0000	-7.8626	465.711
211.9000	-7.92002	466.346
211.8000	-7.90398	466.982
211.7000	-7.90941	467.616
211.6000	-7.92905	468.248
211.5000	-7.91703	468.882
211.4000	-7.91571	469.517
211.3000	-7.85628	470.15
211.2000	-7.81519	470.781
211.1000	-7.75694	471.41
211.0000	-7.70158	472.04
210.9000	-7.60398	472.67
210.8000	-7.61363	473.298
210.7000	-7.67687	473.921
210.6000	-7.66185	474.547
210.5000	-7.64903	475.179
210.4000	-7.63968	475.811
210.3000	-7.65588	476.437
210.2000	-7.66126	477.065
210.1000	-7.65655	477.696
210.0000	-7.64984	478.327
209.9000	-7.63822	478.958
209.8000	-7.71033	479.589
209.7000	-7.71973	480.223
209.6000	-7.77504	480.859
209.5000	-7.86578	481.5
209.4000	-8.01057	482.146
209.3000	-8.14641	482.794
209.2000	-8.18146	483.446
209.1000	-8.1262	484.104
209.0000	-8.03039	484.773
208.9000	-7.97512	485.445
208.8000	-8.04423	486.119
208.7000	-8.08519	486.806
208.6000	-8.10149	487.504
208.5000	-8.1271	488.205
208.4000	-8.1653	488.914
208.3000	-8.2713	489.633
208.2000	-8.29352	490.362
208.1000	-8.35002	491.101
208.0000	-8.42886	491.85
207.9000	-8.41841	492.61
207.8000	-8.44272	493.379
207.7000	-8.52529	494.156
207.6000	-8.5344	494.952
207.5000	-8.51774	495.763
207.4000	-8.52962	496.588
207.3000	-8.63045	497.424
207.2000	-8.76204	498.277
207.1000	-8.77922	499.146
207.0000	-8.74083	500.023
206.9000	-8.72361	500.914
206.8000	-8.71496	501.823
206.7000	-8.68675	502.751
206.6000	-8.67948	503.694
206.5000	-8.64675	504.655
206.4000	-8.55093	505.638
206.3000	-8.41244	506.636
206.2000	-8.24811	507.654
206.1000	-8.03574	508.694
206.0000	-7.86413	509.751
205.9000	-7.82695	510.823
205.8000	-7.79888	511.919
205.7000	-7.71282	513.04
205.6000	-7.59051	514.186
205.5000	-7.38682	515.359
205.4000	-7.20066	516.56
205.3000	-7.15325	517.792
205.2000	-6.97773	519.06
205.1000	-6.88659	520.358
205.0000	-6.84861	521.688
204.9000	-6.80671	523.059
204.8000	-6.74522	524.463
204.7000	-6.72826	525.905
204.6000	-6.62241	527.402
204.5000	-6.59592	528.937
204.4000	-6.45007	530.52
204.3000	-6.28412	532.154
204.2000	-6.20344	533.84
204.1000	-6.03891	535.582
204.0000	-5.88556	537.378
203.9000	-5.70966	539.234
203.8000	-5.51792	541.15
203.7000	-5.17849	543.13
203.6000	-4.92114	545.17
203.5000	-4.77397	547.272
203.4000	-4.5504	549.451
203.3000	-4.30715	551.708
203.2000	-4.15008	554.036
203.1000	-4.08811	556.442
203.0000	-3.8444	558.936
202.9000	-3.69951	561.507
202.8000	-3.57525	564.175
202.7000	-3.56569	566.933
202.6000	-3.41156	569.785
202.5000	-3.19946	572.734
202.4000	-3.03742	575.781
202.3000	-2.81648	578.924
202.2000	-2.59822	582.168
202.1000	-2.54637	585.521
202.0000	-2.47947	588.986
201.9000	-2.37172	592.553
201.8000	-2.27528	596.234
201.7000	-2.20454	600.021
201.6000	-2.03524	603.931
201.5000	-1.85811	607.971
201.4000	-1.71967	612.147
201.3000	-1.39007	616.455
201.2000	-1.01736	620.896
201.1000	-0.763142	625.46
201.0000	-0.349616	630.158
200.9000	0.0994298	634.979
200.8000	0.737271	639.948
200.7000	1.15768	645.025
200.6000	1.29229	650.231
200.5000	1.87732	655.572
200.4000	2.22967	661.063
200.3000	2.20732	666.657
200.2000	2.0495	672.365
200.1000	2.16719	678.198
200.0000	2.4082	684.167
