250.0000	0.160459	307.346
249.9000	0.159738	307.419
249.8000	0.147739	307.49
249.7000	0.147302	307.561
249.6000	0.156379	307.631
249.5000	0.173167	307.705
249.4000	0.16656	307.775
249.3000	0.17427	307.846
249.2000	0.1773	307.923
249.1000	0.184424	307.997
249.0000	0.175123	308.07
248.9000	0.172441	308.144
248.8000	0.165146	308.218
248.7000	0.155377	308.289
248.6000	0.164244	308.363
248.5000	0.191878	308.436
248.4000	0.187793	308.508
248.3000	0.174132	308.585
248.2000	0.170898	308.661
248.1000	0.173518	308.734
248.0000	0.192873	308.811
247.9000	0.202701	308.885
247.8000	0.197189	308.952
247.7000	0.198751	309.025
247.6000	0.210728	309.099
247.5000	0.230653	309.168
247.4000	0.235721	309.241
247.3000	0.239185	309.318
247.2000	0.261483	309.394
247.1000	0.277547	309.47
247.0000	0.278865	309.547
246.9000	0.265959	309.625
246.8000	0.276053	309.704
246.7000	0.275806	309.787
246.6000	0.262147	309.865
246.5000	0.261509	309.949
246.4000	0.260146	310.035
246.3000	0.26098	310.12
246.2000	0.271387	310.209
246.1000	0.290446	310.305
246.0000	0.28267	310.397
245.9000	0.260658	310.489
245.8000	0.240668	310.584
245.7000	0.243784	310.673
245.6000	0.227284	310.763
245.5000	0.18799	310.857
245.4000	0.161159	310.95
245.3000	0.133028	311.04
245.2000	0.109874	311.131
245.1000	0.0864262	311.222
245.0000	0.0960182	311.311
244.9000	0.0840976	311.404
244.8000	0.0770425	311.494
244.7000	0.0684787	311.581
244.6000	0.0456836	311.671
244.5000	0.036113	311.764
244.4000	0.039973	311.854
244.3000	0.0370055	311.948
244.2000	0.0265779	312.041
244.1000	0.00626587	312.133
244.0000	-0.0188635	312.227
243.9000	-0.0159834	312.319
243.8000	-0.0244608	312.416
243.7000	-0.00498688	312.515
243.6000	0.00894333	312.614
243.5000	0.0141873	312.714
243.4000	0.0212927	312.815
243.3000	0.0233849	312.914
243.2000	0.0343112	313.013
243.1000	0.0236528	313.114
243.0000	0.0132587	313.217
242.9000	-0.014446	313.317
242.8000	-0.0530928	313.421
242.7000	-0.0789433	313.525
242.6000	-0.0728661	313.63
242.5000	-0.0655766	313.738
242.4000	-0.0659335	313.848
242.3000	-0.0448738	313.959
242.2000	-0.0444838	314.068
242.1000	-0.0270547	314.174
242.0000	-0.0220149	314.284
241.9000	-0.0261412	314.396
241.8000	-0.0290868	314.508
241.7000	-0.0417561	314.624
241.6000	-0.0401469	314.742
241.5000	-0.0278714	314.859
241.4000	-0.0121283	314.98
241.3000	-0.0119839	315.103
241.2000	-0.0204013	315.225
241.1000	-0.00465881	315.349
241.0000	-0.0149164	315.474
240.9000	-0.0377946	315.599
240.8000	-0.0608479	315.728
240.7000	-0.0644296	315.86
240.6000	-0.0747336	315.994
240.5000	-0.0656679	316.133
240.4000	-0.0710564	316.272
240.3000	-0.0802542	316.411
240.2000	-0.0589804	316.554
240.1000	-0.0693855	316.695
240.0000	-0.0979877	316.84
239.9000	-0.129062	316.987
239.8000	-0.16078	317.137
239.7000	-0.185174	317.289
239.6000	-0.198656	317.444
239.5000	-0.182269	317.602
239.4000	-0.17299	317.758
239.3000	-0.138073	317.918
239.2000	-0.110686	318.081
239.1000	-0.0931975	318.242
239.0000	-0.0884943	318.403
238.9000	-0.0945377	318.565
238.8000	-0.125454	318.73
238.7000	-0.14304	318.901
238.6000	-0.173298	319.072
238.5000	-0.198592	319.246
238.4000	-0.18292	319.423
238.3000	-0.162121	319.602
238.2000	-0.165384	319.783
238.1000	-0.151043	319.963
238.0000	-0.14353	320.148
237.9000	-0.141857	320.332
237.8000	-0.152643	320.519
237.7000	-0.181857	320.712
237.6000	-0.22802	320.906
237.5000	-0.281124	321.099
237.4000	-0.292706	321.298
237.3000	-0.30736	321.503
237.2000	-0.313645	321.707
237.1000	-0.318422	321.912
237.0000	-0.34463	322.118
236.9000	-0.360623	322.326
236.8000	-0.387191	322.537
236.7000	-0.387092	322.752
236.6000	-0.373984	322.969
236.5000	-0.366933	323.186
236.4000	-0.37317	323.405
236.3000	-0.394117	323.625
236.2000	-0.445625	323.849
236.1000	-0.485703	324.073
236.0000	-0.473986	324.3
235.9000	-0.44405	324.53
235.8000	-0.452477	324.763
235.7000	-0.498292	324.994
235.6000	-0.554739	325.231
235.5000	-0.58577	325.471
235.4000	-0.600195	325.715
235.3000	-0.586687	325.961
235.2000	-0.58847	326.209
235.1000	-0.61	326.456
235.0000	-0.656214	326.706
234.9000	-0.722027	326.959
234.8000	-0.744846	327.218
234.7000	-0.765186	327.477
234.6000	-0.804567	327.738
234.5000	-0.808136	328.004
234.4000	-0.799451	328.272
234.3000	-0.821791	328.54
234.2000	-0.83359	328.812
234.1000	-0.814406	329.089
234.0000	-0.795615	329.369
233.9000	-0.794573	329.648
233.8000	-0.811521	329.932
233.7000	-0.847793	330.219
233.6000	-0.886463	330.508
233.5000	-0.937596	330.798
233.4000	-0.943714	331.093
233.3000	-0.953435	331.388
233.2000	-0.96228	331.686
233.1000	-0.979648	331.99
233.0000	-0.992234	332.294
232.9000	-0.97737	332.603
232.8000	-0.98202	332.914
232.7000	-1.03891	333.226
232.6000	-1.07539	333.544
232.5000	-1.12246	333.864
232.4000	-1.16907	334.186
232.3000	-1.18701	334.51
232.2000	-1.18357	334.832
232.1000	-1.1818	335.156
232.0000	-1.16956	335.486
231.9000	-1.16293	335.819
231.8000	-1.16505	336.156
231.7000	-1.20727	336.497
231.6000	-1.22019	336.843
231.5000	-1.2733	337.185
231.4000	-1.29557	337.531
231.3000	-1.31907	337.885
231.2000	-1.34796	338.236
231.1000	-1.37507	338.594
231.0000	-1.37778	338.957
230.9000	-1.3947	339.319
230.8000	-1.41276	339.68
230.7000	-1.45138	340.047
230.6000	-1.4873	340.417
230.5000	-1.54417	340.792
230.4000	-1.59051	341.165
230.3000	-1.61991	341.539
230.2000	-1.65864	341.915
230.1000	-1.68004	342.288
230.0000	-1.70578	342.664
229.9000	-1.76113	343.041
229.8000	-1.80061	343.421
229.7000	-1.84661	343.805
229.6000	-1.88751	344.19
229.5000	-1.91964	344.577
229.4000	-1.96788	344.966
229.3000	-2.0072	345.362
229.2000	-2.04915	345.764
229.1000	-2.07016	346.171
229.0000	-2.06207	346.585
228.9000	-2.09047	347.005
228.8000	-2.1003	347.434
228.7000	-2.11283	347.869
228.6000	-2.12941	348.31
228.5000	-2.16185	348.76
228.4000	-2.18332	349.214
228.3000	-2.19035	349.675
228.2000	-2.20871	350.142
228.1000	-2.23534	350.616
228.0000	-2.25934	351.094
227.9000	-2.29178	351.576
227.8000	-2.33087	352.066
227.7000	-2.37078	352.561
227.6000	-2.40411	353.058
227.5000	-2.46335	353.56
227.4000	-2.52648	354.064
227.3000	-2.5606	354.571
227.2000	-2.56311	355.084
227.1000	-2.60272	355.594
227.0000	-2.63394	356.107
226.9000	-2.67168	356.623
226.8000	-2.69127	357.144
226.7000	-2.74334	357.668
226.6000	-2.78444	358.197
226.5000	-2.83175	358.732
226.4000	-2.90184	359.267
226.3000	-2.96029	359.806
226.2000	-2.97701	360.352
226.1000	-2.96871	360.9
226.0000	-2.9788	361.446
225.9000	-2.98301	361.999
225.8000	-2.99357	362.555
225.7000	-3.04595	363.115
225.6000	-3.10244	363.682
225.5000	-3.17717	364.251
225.4000	-3.18888	364.826
225.3000	-3.2129	365.406
225.2000	-3.22607	365.994
225.1000	-3.23482	366.586
225.0000	-3.25718	367.18
224.9000	-3.24049	367.779
224.8000	-3.20735	368.381
224.7000	-3.17358	368.991
224.6000	-3.17813	369.606
224.5000	-3.1691	370.221
224.4000	-3.21478	370.839
224.3000	-3.23609	371.462
224.2000	-3.25305	372.089
224.1000	-3.23553	372.719
224.0000	-3.24545	373.352
223.9000	-3.23476	373.984
223.8000	-3.23151	374.623
223.7000	-3.28687	375.266
223.6000	-3.37399	375.907
223.5000	-3.46051	376.549
223.4000	-3.54641	377.197
223.3000	-3.55799	377.85
223.2000	-3.62695	378.502
223.1000	-3.67848	379.158
223.0000	-3.70316	379.816
222.9000	-3.72444	380.478
222.8000	-3.79867	381.148
222.7000	-3.80555	381.822
222.6000	-3.84372	382.496
222.5000	-3.8605	383.171
222.4000	-3.87912	383.857
222.3000	-3.88207	384.546
222.2000	-3.90475	385.236
222.1000	-3.9513	385.925
222.0000	-3.95377	386.62
221.9000	-3.92491	387.32
221.8000	-3.87171	388.025
221.7000	-3.85341	388.732
221.6000	-3.8869	389.439
221.5000	-3.88343	390.149
221.4000	-3.86155	390.863
221.3000	-3.90346	391.577
221.2000	-3.93743	392.288
221.1000	-3.92841	392.999
221.0000	-3.92277	393.711
220.9000	-3.9429	394.423
220.8000	-3.98432	395.138
220.7000	-4.03911	395.851
220.6000	-4.09785	396.561
220.5000	-4.13503	397.275
220.4000	-4.15737	397.991
220.3000	-4.18553	398.703
220.2000	-4.24474	399.413
220.1000	-4.31619	400.124
220.0000	-4.42755	400.83
219.9000	-4.49119	401.534
219.8000	-4.57744	402.236
219.7000	-4.66158	402.931
219.6000	-4.68034	403.627
219.5000	-4.69124	404.326
219.4000	-4.73786	405.019
219.3000	-4.78087	405.713
219.2000	-4.81026	406.404
219.1000	-4.83572	407.086
219.0000	-4.8882	407.766
218.9000	-4.93659	408.442
218.8000	-5.02504	409.112
218.7000	-5.11255	409.777
218.6000	-5.16252	410.441
218.5000	-5.20224	411.098
218.4000	-5.18892	411.749
218.3000	-5.16836	412.401
218.2000	-5.13693	413.046
218.1000	-5.10022	413.686
218.0000	-5.13864	414.327
217.9000	-5.17578	414.961
217.8000	-5.25738	415.591
217.7000	-5.28644	416.217
217.6000	-5.32285	416.842
217.5000	-5.35476	417.465
217.4000	-5.3114	418.082
217.3000	-5.2796	418.693
217.2000	-5.24752	419.307
217.1000	-5.14056	419.916
217.0000	-5.06074	420.525
216.9000	-5.00962	421.134
216.8000	-4.9438	421.736
216.7000	-4.91633	422.332
216.6000	-4.89169	422.93
216.5000	-4.94117	423.529
216.4000	-4.98577	424.121
216.3000	-5.02076	424.71
216.2000	-4.96569	425.303
216.1000	-4.90945	425.891
216.0000	-4.90782	426.479
215.9000	-4.89146	427.059
215.8000	-4.90224	427.637
215.7000	-4.91591	428.219
215.6000	-4.98763	428.8
215.5000	-5.08408	429.376
215.4000	-5.20013	429.952
215.3000	-5.30041	430.524
215.2000	-5.34187	431.097
215.1000	-5.4124	431.674
215.0000	-5.48119	432.252
214.9000	-5.58239	432.823
214.8000	-5.65201	433.394
214.7000	-5.64645	433.972
214.6000	-5.68447	434.548
214.5000	-5.82647	435.118
214.4000	-5.9444	435.691
214.3000	-6.02604	436.268
214.2000	-6.1425	436.849
214.1000	-6.20813	437.432
214.0000	-6.23684	438.018
213.9000	-6.18097	438.605
213.8000	-6.14712	439.198
213.7000	-6.14574	439.792
213.6000	-6.1353	440.389
213.5000	-6.23648	440.986
213.4000	-6.2305	441.584
213.3000	-6.24562	442.186
213.2000	-6.26427	442.796
213.1000	-6.32948	443.407
213.0000	-6.38394	444.018
212.9000	-6.40828	444.633
212.8000	-6.36288	445.254
212.7000	-6.36066	445.873
212.6000	-6.33328	446.499
212.5000	-6.28371	447.122
212.4000	-6.29609	447.744
212.3000	-6.35383	448.369
212.2000	-6.34365	448.995
212.1000	-6.35396	449.623
212.0000	-6.40751	450.251
211.9000	-6.41898	450.875
211.8000	-6.45217	451.502
211.7000	-6.51465	452.134
211.6000	-6.48979	452.766
211.5000	-6.45172	453.397
211.4000	-6.38353	454.033
211.3000	-6.3331	454.667
211.2000	-6.32566	455.3
211.1000	-6.31964	455.937
211.0000	-6.32497	456.572
210.9000	-6.28861	457.205
210.8000	-6.32785	457.839
210.7000	-6.41829	458.475
210.6000	-6.47458	459.115
210.5000	-6.48301	459.757
210.4000	-6.47562	460.399
210.3000	-6.39126	461.046
210.2000	-6.35224	461.697
210.1000	-6.328	462.35
210.0000	-6.31169	463.001
209.9000	-6.29104	463.651
209.8000	-6.28381	464.305
209.7000	-6.30928	464.959
209.6000	-6.32447	465.618
209.5000	-6.37716	466.285
209.4000	-6.45214	466.951
209.3000	-6.47439	467.626
209.2000	-6.45628	468.311
209.1000	-6.32323	469.006
209.0000	-6.14684	469.707
208.9000	-6.14951	470.407
208.8000	-6.21967	471.114
208.7000	-6.27231	471.831
208.6000	-6.3586	472.556
208.5000	-6.34941	473.295
208.4000	-6.33759	474.039
208.3000	-6.33186	474.792
208.2000	-6.3464	475.561
208.1000	-6.33493	476.34
208.0000	-6.31318	477.131
207.9000	-6.30628	477.929
207.8000	-6.3362	478.741
207.7000	-6.27697	479.566
207.6000	-6.32552	480.403
207.5000	-6.31255	481.252
207.4000	-6.37341	482.11
207.3000	-6.47063	482.981
207.2000	-6.52341	483.869
207.1000	-6.54835	484.769
207.0000	-6.53255	485.682
206.9000	-6.51245	486.605
206.8000	-6.47281	487.543
206.7000	-6.46743	488.496
206.6000	-6.49732	489.466
206.5000	-6.48073	490.448
206.4000	-6.46594	491.448
206.3000	-6.5296	492.458
206.2000	-6.46016	493.487
206.1000	-6.32966	494.532
206.0000	-6.24516	495.591
205.9000	-6.19002	496.666
205.8000	-6.22967	497.759
205.7000	-6.19897	498.873
205.6000	-6.14574	500.005
205.5000	-6.11757	501.157
205.4000	-6.02838	502.336
205.3000	-5.94526	503.541
205.2000	-5.94091	504.768
205.1000	-5.9454	506.019
205.0000	-5.84799	507.297
204.9000	-5.78183	508.602
204.8000	-5.82846	509.933
204.7000	-5.91383	511.296
204.6000	-5.74497	512.702
204.5000	-5.72049	514.131
204.4000	-5.74014	515.599
204.3000	-5.69132	517.107
204.2000	-5.5809	518.651
204.1000	-5.47946	520.234
204.0000	-5.44197	521.858
203.9000	-5.38219	523.521
203.8000	-5.12831	525.235
203.7000	-4.98094	526.987
203.6000	-5.03677	528.778
203.5000	-5.01613	530.615
203.4000	-4.96413	532.507
203.3000	-4.82685	534.461
203.2000	-4.62146	536.466
203.1000	-4.32898	538.529
203.0000	-4.18266	540.646
202.9000	-4.04577	542.819
202.8000	-3.78776	545.061
202.7000	-3.5852	547.365
202.6000	-3.55016	549.728
202.5000	-3.49064	552.157
202.4000	-3.35969	554.651
202.3000	-3.12815	557.21
202.2000	-2.92722	559.843
202.1000	-2.9277	562.544
202.0000	-2.84776	565.323
201.9000	-2.51284	568.17
201.8000	-2.2837	571.091
201.7000	-2.19361	574.084
201.6000	-2.03941	577.165
201.5000	-1.99968	580.32
201.4000	-1.88998	583.561
201.3000	-1.86229	586.883
201.2000	-1.84833	590.296
201.1000	-1.94955	593.791
201.0000	-1.8518	597.371
200.9000	-1.70011	601.047
200.8000	-1.72573	604.82
200.7000	-1.58981	608.673
200.6000	-1.4813	612.621
200.5000	-1.36585	616.651
200.4000	-1.24277	620.782
200.3000	-1.23173	624.999
200.2000	-1.09129	629.327
200.1000	-0.776478	633.75
200.0000	-0.411095	638.26
