250.0000	0.275525	309.173
249.9000	0.289863	309.24
249.8000	0.301173	309.308
249.7000	0.311933	309.376
249.6000	0.306412	309.439
249.5000	0.313822	309.503
249.4000	0.317584	309.57
249.3000	0.321172	309.634
249.2000	0.328334	309.701
249.1000	0.338837	309.768
249.0000	0.347883	309.834
248.9000	0.364995	309.9
248.8000	0.370731	309.968
248.7000	0.369481	310.035
248.6000	0.386702	310.104
248.5000	0.409729	310.171
248.4000	0.402612	310.235
248.3000	0.38634	310.303
248.2000	0.36838	310.371
248.1000	0.364949	310.435
248.0000	0.400118	310.504
247.9000	0.40942	310.573
247.8000	0.40449	310.639
247.7000	0.403966	310.705
247.6000	0.401244	310.772
247.5000	0.417823	310.838
247.4000	0.413586	310.903
247.3000	0.401414	310.975
247.2000	0.409331	311.045
247.1000	0.416004	311.113
247.0000	0.395758	311.184
246.9000	0.366774	311.259
246.8000	0.340548	311.333
246.7000	0.334521	311.406
246.6000	0.330036	311.48
246.5000	0.324733	311.56
246.4000	0.308111	311.641
246.3000	0.298813	311.723
246.2000	0.302244	311.805
246.1000	0.313853	311.891
246.0000	0.298355	311.978
245.9000	0.281791	312.065
245.8000	0.260382	312.153
245.7000	0.286484	312.239
245.6000	0.292944	312.324
245.5000	0.277708	312.411
245.4000	0.280415	312.5
245.3000	0.301047	312.586
245.2000	0.325897	312.668
245.1000	0.339416	312.756
245.0000	0.357692	312.844
244.9000	0.359335	312.93
244.8000	0.368117	313.013
244.7000	0.367844	313.098
244.6000	0.352462	313.182
244.5000	0.353192	313.27
244.4000	0.353612	313.356
244.3000	0.345169	313.443
244.2000	0.335678	313.53
244.1000	0.308452	313.618
244.0000	0.253859	313.706
243.9000	0.227495	313.793
243.8000	0.207552	313.882
243.7000	0.201441	313.976
243.6000	0.194782	314.07
243.5000	0.179916	314.164
243.4000	0.174376	314.257
243.3000	0.190028	314.352
243.2000	0.196667	314.448
243.1000	0.190848	314.544
243.0000	0.180606	314.638
242.9000	0.157395	314.736
242.8000	0.136159	314.836
242.7000	0.120595	314.937
242.6000	0.136641	315.038
242.5000	0.152324	315.14
242.4000	0.161165	315.244
242.3000	0.171969	315.349
242.2000	0.155445	315.453
242.1000	0.165526	315.556
242.0000	0.160922	315.658
241.9000	0.158887	315.764
241.8000	0.14041	315.872
241.7000	0.117761	315.979
241.6000	0.0773956	316.089
241.5000	0.0627625	316.201
241.4000	0.0715486	316.315
241.3000	0.0717577	316.431
241.2000	0.0734306	316.544
241.1000	0.0550299	316.656
241.0000	0.0277484	316.773
240.9000	-0.00652542	316.891
240.8000	-0.0568445	317.013
240.7000	-0.078373	317.134
240.6000	-0.0776212	317.26
240.5000	-0.070314	317.389
240.4000	-0.0932529	317.52
240.3000	-0.116364	317.649
240.2000	-0.126995	317.779
240.1000	-0.126419	317.91
240.0000	-0.143425	318.047
239.9000	-0.148937	318.184
239.8000	-0.1579	318.323
239.7000	-0.184234	318.467
239.6000	-0.208547	318.611
239.5000	-0.212873	318.757
239.4000	-0.216002	318.905
239.3000	-0.203973	319.055
239.2000	-0.194866	319.208
239.1000	-0.156761	319.362
239.0000	-0.133142	319.515
238.9000	-0.123719	319.669
238.8000	-0.123906	319.825
238.7000	-0.13314	319.985
238.6000	-0.134998	320.147
238.5000	-0.143217	320.314
238.4000	-0.142647	320.482
238.3000	-0.126535	320.651
238.2000	-0.152459	320.818
238.1000	-0.164265	320.988
238.0000	-0.167762	321.16
237.9000	-0.199084	321.334
237.8000	-0.236018	321.513
237.7000	-0.266526	321.694
237.6000	-0.286353	321.877
237.5000	-0.319425	322.06
237.4000	-0.353375	322.248
237.3000	-0.405345	322.441
237.2000	-0.470127	322.636
237.1000	-0.519153	322.834
237.0000	-0.546198	323.033
236.9000	-0.588611	323.234
236.8000	-0.662986	323.437
236.7000	-0.694335	323.644
236.6000	-0.722574	323.857
236.5000	-0.723443	324.07
236.4000	-0.749243	324.284
236.3000	-0.771593	324.502
236.2000	-0.796054	324.726
236.1000	-0.793895	324.947
236.0000	-0.781236	325.172
235.9000	-0.795323	325.397
235.8000	-0.848205	325.628
235.7000	-0.892663	325.859
235.6000	-0.938243	326.094
235.5000	-0.952244	326.33
235.4000	-0.962009	326.569
235.3000	-0.984355	326.81
235.2000	-0.987507	327.056
235.1000	-1.00453	327.305
235.0000	-1.04468	327.553
234.9000	-1.08944	327.808
234.8000	-1.13335	328.069
234.7000	-1.17127	328.331
234.6000	-1.22133	328.595
234.5000	-1.24358	328.86
234.4000	-1.27825	329.131
234.3000	-1.32034	329.408
234.2000	-1.35317	329.688
234.1000	-1.37756	329.967
234.0000	-1.41458	330.252
233.9000	-1.44585	330.541
233.8000	-1.50576	330.833
233.7000	-1.58681	331.13
233.6000	-1.65519	331.434
233.5000	-1.72705	331.737
233.4000	-1.76245	332.044
233.3000	-1.79316	332.354
233.2000	-1.82221	332.669
233.1000	-1.85912	332.989
233.0000	-1.8966	333.311
232.9000	-1.90178	333.638
232.8000	-1.91695	333.973
232.7000	-1.9904	334.309
232.6000	-2.04641	334.647
232.5000	-2.06974	334.993
232.4000	-2.08366	335.342
232.3000	-2.11266	335.692
232.2000	-2.13115	336.045
232.1000	-2.13641	336.404
232.0000	-2.12746	336.765
231.9000	-2.13118	337.129
231.8000	-2.14706	337.503
231.7000	-2.18962	337.881
231.6000	-2.20691	338.262
231.5000	-2.23553	338.646
231.4000	-2.25999	339.032
231.3000	-2.29253	339.426
231.2000	-2.32654	339.825
231.1000	-2.3484	340.229
231.0000	-2.34935	340.633
230.9000	-2.36183	341.044
230.8000	-2.38147	341.462
230.7000	-2.39344	341.885
230.6000	-2.38526	342.312
230.5000	-2.42927	342.745
230.4000	-2.45997	343.182
230.3000	-2.49485	343.614
230.2000	-2.53241	344.05
230.1000	-2.55526	344.487
230.0000	-2.59037	344.928
229.9000	-2.65141	345.369
229.8000	-2.72759	345.815
229.7000	-2.78938	346.27
229.6000	-2.8554	346.727
229.5000	-2.93085	347.186
229.4000	-2.99045	347.652
229.3000	-3.04422	348.127
229.2000	-3.10502	348.607
229.1000	-3.15584	349.095
229.0000	-3.20331	349.592
228.9000	-3.25938	350.095
228.8000	-3.30922	350.603
228.7000	-3.33259	351.124
228.6000	-3.36333	351.656
228.5000	-3.41003	352.197
228.4000	-3.47607	352.742
228.3000	-3.53124	353.297
228.2000	-3.56755	353.862
228.1000	-3.57129	354.438
228.0000	-3.56396	355.017
227.9000	-3.56736	355.595
227.8000	-3.6033	356.183
227.7000	-3.63237	356.782
227.6000	-3.66435	357.385
227.5000	-3.73543	357.987
227.4000	-3.83524	358.593
227.3000	-3.90312	359.201
227.2000	-3.92072	359.819
227.1000	-3.97319	360.443
227.0000	-4.02228	361.071
226.9000	-4.07455	361.697
226.8000	-4.08071	362.329
226.7000	-4.11405	362.969
226.6000	-4.14687	363.619
226.5000	-4.20314	364.267
226.4000	-4.25831	364.918
226.3000	-4.33208	365.578
226.2000	-4.36992	366.25
226.1000	-4.37965	366.92
226.0000	-4.43646	367.59
225.9000	-4.46301	368.268
225.8000	-4.46793	368.952
225.7000	-4.48599	369.647
225.6000	-4.52283	370.348
225.5000	-4.55864	371.048
225.4000	-4.56745	371.753
225.3000	-4.61025	372.466
225.2000	-4.61115	373.187
225.1000	-4.64963	373.91
225.0000	-4.66348	374.637
224.9000	-4.65589	375.368
224.8000	-4.63844	376.108
224.7000	-4.65516	376.851
224.6000	-4.65898	377.6
224.5000	-4.68739	378.351
224.4000	-4.74989	379.11
224.3000	-4.79714	379.873
224.2000	-4.85468	380.643
224.1000	-4.87853	381.414
224.0000	-4.92612	382.188
223.9000	-4.96043	382.969
223.8000	-5.00323	383.754
223.7000	-5.04155	384.54
223.6000	-5.09774	385.333
223.5000	-5.13885	386.132
223.4000	-5.18403	386.935
223.3000	-5.24177	387.741
223.2000	-5.27746	388.551
223.1000	-5.32189	389.365
223.0000	-5.35689	390.187
222.9000	-5.37572	391.01
222.8000	-5.41121	391.835
222.7000	-5.38642	392.664
222.6000	-5.38931	393.5
222.5000	-5.37617	394.337
222.4000	-5.34304	395.183
222.3000	-5.32394	396.029
222.2000	-5.31596	396.879
222.1000	-5.31206	397.734
222.0000	-5.31649	398.596
221.9000	-5.29986	399.458
221.8000	-5.28503	400.323
221.7000	-5.26303	401.195
221.6000	-5.2563	402.067
221.5000	-5.27585	402.945
221.4000	-5.26232	403.823
221.3000	-5.28107	404.697
221.2000	-5.32841	405.58
221.1000	-5.36185	406.465
221.0000	-5.41822	407.347
220.9000	-5.44585	408.234
220.8000	-5.52736	409.122
220.7000	-5.58402	410.005
220.6000	-5.61217	410.892
220.5000	-5.61318	411.782
220.4000	-5.59612	412.757
220.3000	-5.60871	413.723
220.2000	-5.61298	414.602
220.1000	-5.61956	415.475
220.0000	-5.64852	416.341
219.9000	-5.71179	417.204
219.8000	-5.71657	418.071
219.7000	-5.70284	418.932
219.6000	-5.67208	419.793
219.5000	-5.65557	420.648
219.4000	-5.65744	421.504
219.3000	-5.60808	422.353
219.2000	-5.60942	423.193
219.1000	-5.5979	424.031
219.0000	-5.57277	424.864
218.9000	-5.60301	425.686
218.8000	-5.6766	426.498
218.7000	-5.69647	427.178
218.6000	-5.67989	427.948
218.5000	-5.72138	428.752
218.4000	-5.73996	429.557
218.3000	-5.76044	430.353
218.2000	-5.73577	431.139
218.1000	-5.75958	431.913
218.0000	-5.78172	432.684
217.9000	-5.80625	433.44
217.8000	-5.81117	434.192
217.7000	-5.83248	434.938
217.6000	-5.86354	435.683
217.5000	-5.84334	436.421
217.4000	-5.79677	437.153
217.3000	-5.78929	437.878
217.2000	-5.74231	438.597
217.1000	-5.69284	439.307
217.0000	-5.69495	440.014
216.9000	-5.66987	440.717
216.8000	-5.65495	441.41
216.7000	-5.6198	442.094
216.6000	-5.57634	442.778
216.5000	-5.59945	443.456
216.4000	-5.67074	444.131
216.3000	-5.72978	444.802
216.2000	-5.76914	445.471
216.1000	-5.79614	446.131
216.0000	-5.81174	446.787
215.9000	-5.90174	447.434
215.8000	-5.92772	448.075
215.7000	-5.93827	448.716
215.6000	-5.9983	449.355
215.5000	-6.0272	449.992
215.4000	-6.07062	450.624
215.3000	-6.18282	451.251
215.2000	-6.25326	451.878
215.1000	-6.26467	452.504
215.0000	-6.32098	453.128
214.9000	-6.37291	453.754
214.8000	-6.41182	454.375
214.7000	-6.44112	454.994
214.6000	-6.41748	455.615
214.5000	-6.43203	456.237
214.4000	-6.41751	456.857
214.3000	-6.39334	457.477
214.2000	-6.4075	458.1
214.1000	-6.49682	458.722
214.0000	-6.56171	459.343
213.9000	-6.50595	459.964
213.8000	-6.54339	460.586
213.7000	-6.50513	461.213
213.6000	-6.49035	461.839
213.5000	-6.62442	462.458
213.4000	-6.68197	463.084
213.3000	-6.68343	463.713
213.2000	-6.77616	464.338
213.1000	-6.82506	464.965
213.0000	-6.89223	465.592
212.9000	-6.99602	466.213
212.8000	-7.09891	466.833
212.7000	-7.24511	467.454
212.6000	-7.3185	468.077
212.5000	-7.32049	468.699
212.4000	-7.33243	469.319
212.3000	-7.3803	469.94
212.2000	-7.44544	470.558
212.1000	-7.47139	471.174
212.0000	-7.53044	471.79
211.9000	-7.5724	472.405
211.8000	-7.58715	473.02
211.7000	-7.65669	473.633
211.6000	-7.74475	474.242
211.5000	-7.7134	474.855
211.4000	-7.70678	475.465
211.3000	-7.6505	476.076
211.2000	-7.65665	476.691
211.1000	-7.62327	477.307
211.0000	-7.621	477.919
210.9000	-7.63342	478.526
210.8000	-7.63329	479.131
210.7000	-7.72003	479.735
210.6000	-7.76406	480.337
210.5000	-7.74079	480.943
210.4000	-7.81084	481.545
210.3000	-7.82628	482.146
210.2000	-7.81808	482.751
210.1000	-7.85328	483.358
210.0000	-7.9256	483.962
209.9000	-8.01563	484.564
209.8000	-8.17618	485.166
209.7000	-8.32928	485.771
209.6000	-8.41768	486.38
209.5000	-8.41388	486.992
209.4000	-8.36376	487.609
209.3000	-8.2979	488.232
209.2000	-8.25744	488.862
209.1000	-8.28074	489.498
209.0000	-8.29544	490.14
208.9000	-8.408	490.786
208.8000	-8.50076	491.444
208.7000	-8.53955	492.116
208.6000	-8.51889	492.796
208.5000	-8.46136	493.483
208.4000	-8.49235	494.176
208.3000	-8.54877	494.877
208.2000	-8.52765	495.591
208.1000	-8.39217	496.319
208.0000	-8.26313	497.061
207.9000	-8.30005	497.81
207.8000	-8.41353	498.573
207.7000	-8.52757	499.346
207.6000	-8.64795	500.137
207.5000	-8.72341	500.94
207.4000	-8.756	501.763
207.3000	-8.70055	502.604
207.2000	-8.67092	503.463
207.1000	-8.65484	504.33
207.0000	-8.66131	505.211
206.9000	-8.79067	506.106
206.8000	-8.79593	507.021
206.7000	-8.66405	507.961
206.6000	-8.56375	508.92
206.5000	-8.50178	509.894
206.4000	-8.51844	510.888
206.3000	-8.46477	511.9
206.2000	-8.35025	512.934
206.1000	-8.11335	513.993
206.0000	-7.99002	515.073
205.9000	-7.94878	516.169
205.8000	-7.86104	517.291
205.7000	-7.73536	518.438
205.6000	-7.68329	519.612
205.5000	-7.64306	520.81
205.4000	-7.50876	522.042
205.3000	-7.42029	523.306
205.2000	-7.23405	524.608
205.1000	-7.11637	525.947
205.0000	-6.90463	527.329
204.9000	-6.68949	528.746
204.8000	-6.49992	530.205
204.7000	-6.34307	531.709
204.6000	-6.25312	533.257
204.5000	-6.19515	534.846
204.4000	-6.31936	536.481
204.3000	-6.18217	538.177
204.2000	-5.99347	539.932
204.1000	-5.76193	541.746
204.0000	-5.5702	543.618
203.9000	-5.43039	545.549
203.8000	-5.30425	547.547
203.7000	-5.14097	549.611
203.6000	-5.00469	551.742
203.5000	-4.87032	553.943
203.4000	-4.80241	556.221
203.3000	-4.66107	558.58
203.2000	-4.42767	561.027
203.1000	-4.34926	563.557
203.0000	-4.2031	566.176
202.9000	-4.05435	568.885
202.8000	-3.80434	571.697
202.7000	-3.45343	574.609
202.6000	-3.21231	577.619
202.5000	-2.98249	580.728
202.4000	-2.73885	583.942
202.3000	-2.46622	587.268
202.2000	-2.32598	590.702
202.1000	-2.2032	594.251
202.0000	-2.07632	597.922
201.9000	-1.75128	601.705
201.8000	-1.54105	605.612
201.7000	-1.28073	609.633
201.6000	-1.22903	613.788
201.5000	-1.23469	618.074
201.4000	-1.0214	622.504
201.3000	-0.770146	627.076
201.2000	-0.289299	631.803
201.1000	0.113361	636.66
201.0000	0.417696	641.655
200.9000	0.503674	646.776
200.8000	0.645879	652.072
200.7000	0.895834	657.491
200.6000	1.43553	663.062
200.5000	2.09118	668.767
200.4000	2.5538	674.629
200.3000	3.02723	680.621
200.2000	3.47485	686.748
200.1000	3.99103	692.996
200.0000	4.33518	699.375
